0.00101, 0,
0.00201, 0,
0.00301, 0,
0.00401, 0,
0.00501, 0,
0.00601, 0,
0.00701, 0,
0.00801, 0,
0.00901, 0,
0.01001, 0,
0.01101, 0,
0.01201, 0,
0.01301, 0,
0.01401, 0,
0.01501, 0,
0.01601, 0,
0.01701, 0,
0.01801, 0,
0.01901, 0,
0.02001, 0,
0.02101, 0,
0.02201, 0,
0.02301, 0,
0.02401, 0,
0.02501, 0,
0.02601, 0,
0.02701, 0,
0.02801, 0,
0.02901, 0,
0.03001, 0,
0.03101, 0,
0.03201, 0,
0.03301, 0,
0.03401, 0,
0.03501, 0,
0.03601, 0,
0.03701, 536,
0.03801, 1072,
0.03901, 1608,
0.04001, 2144,
0.04101, 3216,
0.04201, 4288,
0.04301, 5360,
0.04401, 6432,
0.04501, 7504,
0.04601, 9112,
0.04701, 10720,
0.04801, 12328,
0.04901, 13936,
0.05001, 15544,
0.05101, 17688,
0.05201, 19832,
0.05301, 21976,
0.05401, 24120,
0.05501, 26800,
0.05601, 29480,
0.05701, 32160,
0.05801, 34840,
0.05901, 37520,
0.06001, 40736,
0.06101, 43952,
0.06201, 47168,
0.06301, 50384,
0.06401, 53600,
0.06501, 57352,
0.06601, 61104,
0.06701, 64856,
0.06801, 68608,
0.06901, 72360,
0.07001, 76648,
0.07101, 80936,
0.07201, 85224,
0.07301, 89512,
0.07401, 94336,
0.07501, 99160,
0.07601, 103984,
0.07701, 108808,
0.07801, 113632,
0.07901, 118992,
0.08001, 124352,
0.08101, 129712,
0.08201, 135072,
0.08301, 140432,
0.08401, 146328,
0.08501, 152224,
0.08601, 158120,
0.08701, 164016,
0.08801, 170448,
0.08901, 176880,
0.09001, 183312,
0.09101, 189744,
0.09201, 196176,
0.09301, 203144,
0.09401, 210112,
0.09501, 217080,
0.09601, 224048,
0.09701, 231016,
0.09801, 238520,
0.09901, 246024,
0.10001, 253528,
0.10101, 261032,
0.10201, 268536,
0.10301, 276576,
0.10401, 284616,
0.10501, 292656,
0.10601, 300696,
0.10701, 309272,
0.10801, 317848,
0.10901, 326424,
0.11001, 335000,
0.11101, 343576,
0.11201, 352688,
0.11301, 361800,
0.11401, 370912,
0.11501, 380024,
0.11601, 389136,
0.11701, 398784,
0.11801, 408432,
0.11901, 418080,
0.12001, 427728,
0.12101, 437376,
0.12201, 447560,
0.12301, 457744,
0.12401, 467928,
0.12501, 478112,
0.12601, 488832,
0.12701, 499552,
0.12801, 510272,
0.12901, 520992,
0.13001, 531712,
0.13101, 542968,
0.13201, 554224,
0.13301, 565480,
0.13401, 576736,
0.13501, 587992,
0.13601, 599784,
0.13701, 611576,
0.13801, 623368,
0.13901, 635160,
0.14001, 647488,
0.14101, 659816,
0.14201, 672144,
0.14301, 684472,
0.14401, 696800,
0.14501, 709664,
0.14601, 722528,
0.14701, 735392,
0.14801, 748256,
0.14901, 761120,
0.15001, 773984,
0.15101, 786848,
0.15201, 799712,
0.15301, 812576,
0.15401, 825440,
0.15501, 838304,
0.15601, 851168,
0.15701, 864032,
0.15801, 876896,
0.15901, 889760,
0.16001, 902624,
0.16101, 915488,
0.16201, 928352,
0.16301, 941216,
0.16401, 954080,
0.16501, 966944,
0.16601, 979808,
0.16701, 992672,
0.16801, 1005536,
0.16901, 1018400,
0.17001, 1031264,
0.17101, 1044128,
0.17201, 1056992,
0.17301, 1069856,
0.17401, 1082720,
0.17501, 1095584,
0.17601, 1108448,
0.17701, 1121312,
0.17801, 1134176,
0.17901, 1147040,
0.18001, 1159904,
0.18101, 1172768,
0.18201, 1185632,
0.18301, 1198496,
0.18401, 1211360,
0.18501, 1224224,
0.18601, 1237088,
0.18701, 1249952,
0.18801, 1262816,
0.18901, 1275680,
0.19001, 1288544,
0.19101, 1301408,
0.19201, 1314272,
0.19301, 1327136,
0.19401, 1340000,
0.19501, 1352864,
0.19601, 1365728,
0.19701, 1378592,
0.19801, 1391456,
0.19901, 1404320,
0.20001, 1417184,
0.20101, 1430048,
0.20201, 1442912,
0.20301, 1455776,
0.20401, 1468640,
0.20501, 1481504,
0.20601, 1494368,
0.20701, 1507232,
0.20801, 1520096,
0.20901, 1532960,
0.21001, 1545824,
0.21101, 1558688,
0.21201, 1571552,
0.21301, 1584416,
0.21401, 1597280,
0.21501, 1610144,
0.21601, 1623008,
0.21701, 1635872,
0.21801, 1648736,
0.21901, 1661600,
0.22001, 1674464,
0.22101, 1687328,
0.22201, 1700192,
0.22301, 1713056,
0.22401, 1725920,
0.22501, 1738784,
0.22601, 1751648,
0.22701, 1764512,
0.22801, 1777376,
0.22901, 1790240,
0.23001, 1803104,
0.23101, 1815968,
0.23201, 1828832,
0.23301, 1841696,
0.23401, 1854560,
0.23501, 1867424,
0.23601, 1880288,
0.23701, 1893152,
0.23801, 1906016,
0.23901, 1918880,
0.24001, 1931744,
0.24101, 1944608,
0.24201, 1957472,
0.24301, 1970336,
0.24401, 1983200,
0.24501, 1996064,
0.24601, 2008928,
0.24701, 2021792,
0.24801, 2034656,
0.24901, 2047520,
0.25001, 2060384,
0.25101, 2073248,
0.25201, 2086112,
0.25301, 2100000,
0.25401, 2113888,
0.25501, 2127776,
0.25601, 2141664,
0.25701, 2155552,
0.25801, 2169440,
0.25901, 2183328,
0.26001, 2197216,
0.26101, 2211104,
0.26201, 2236784,
0.26301, 2262464,
0.26401, 2288144,
0.26501, 2313824,
0.26601, 2339504,
0.26701, 2365184,
0.26801, 2390864,
0.26901, 2416544,
0.27001, 2442224,
0.27101, 2467904,
0.27201, 2493584,
0.27301, 2519264,
0.27401, 2544944,
0.27501, 2570624,
0.27601, 2596304,
0.27701, 2621984,
0.27801, 2647664,
0.27901, 2673344,
0.28001, 2700048,
0.28101, 2726752,
0.28201, 2753456,
0.28301, 2780160,
0.28401, 2806864,
0.28501, 2833568,
0.28601, 2860272,
0.28701, 2886976,
0.28801, 2913680,
0.28901, 2940384,
0.29001, 2967088,
0.29101, 2993792,
0.29201, 3020496,
0.29301, 3047200,
0.29401, 3073904,
0.29501, 3100608,
0.29601, 3127312,
0.29701, 3154016,
0.29801, 3180720,
0.29901, 3207424,
0.30001, 3234128,
0.30101, 3260832,
0.30201, 3287536,
0.30301, 3314240,
0.30401, 3340944,
0.30501, 3367648,
0.30601, 3394352,
0.30701, 3422080,
0.30801, 3449808,
0.30901, 3477536,
0.31001, 3505264,
0.31101, 3532992,
0.31201, 3560720,
0.31301, 3588448,
0.31401, 3616176,
0.31501, 3643904,
0.31601, 3671632,
0.31701, 3699360,
0.31801, 3727088,
0.31901, 3754816,
0.32001, 3782544,
0.32101, 3810272,
0.32201, 3838000,
0.32301, 3865728,
0.32401, 3893456,
0.32501, 3921184,
0.32601, 3948912,
0.32701, 3976640,
0.32801, 4004368,
0.32901, 4032096,
0.33001, 4059824,
0.33101, 4087552,
0.33201, 4115280,
0.33301, 4143008,
0.33401, 4170736,
0.33501, 4199488,
0.33601, 4228240,
0.33701, 4256992,
0.33801, 4285744,
0.33901, 4314496,
0.34001, 4343248,
0.34101, 4372000,
0.34201, 4400752,
0.34301, 4429504,
0.34401, 4458256,
0.34501, 4487008,
0.34601, 4515760,
0.34701, 4544512,
0.34801, 4573264,
0.34901, 4602016,
0.35001, 4630768,
0.35101, 4659520,
0.35201, 4688272,
0.35301, 4717024,
0.35401, 4745776,
0.35501, 4774528,
0.35601, 4803280,
0.35701, 4832032,
0.35801, 4860784,
0.35901, 4889536,
0.36001, 4918288,
0.36101, 4947040,
0.36201, 4976816,
0.36301, 5006592,
0.36401, 5036368,
0.36501, 5066144,
0.36601, 5095920,
0.36701, 5125696,
0.36801, 5155472,
0.36901, 5185248,
0.37001, 5215024,
0.37101, 5249088,
0.37201, 5283152,
0.37301, 5317216,
0.37401, 5351280,
0.37501, 5385344,
0.37601, 5419408,
0.37701, 5453472,
0.37801, 5487536,
0.37901, 5521600,
0.38001, 5555664,
0.38101, 5589728,
0.38201, 5623792,
0.38301, 5657856,
0.38401, 5691920,
0.38501, 5725984,
0.38601, 5760048,
0.38701, 5794112,
0.38801, 5828176,
0.38901, 5863264,
0.39001, 5898352,
0.39101, 5933440,
0.39201, 5968528,
0.39301, 6003616,
0.39401, 6038704,
0.39501, 6073792,
0.39601, 6108880,
0.39701, 6143968,
0.39801, 6179056,
0.39901, 6214144,
0.40001, 6249232,
0.40101, 6284320,
0.40201, 6319408,
0.40301, 6354496,
0.40401, 6389584,
0.40501, 6424672,
0.40601, 6459760,
0.40701, 6494848,
0.40801, 6531544,
0.40901, 6568240,
0.41001, 6604936,
0.41101, 6641632,
0.41201, 6678328,
0.41301, 6715024,
0.41401, 6751720,
0.41501, 6788416,
0.41601, 6825112,
0.41701, 6862832,
0.41801, 6900552,
0.41901, 6938272,
0.42001, 6975992,
0.42101, 7013712,
0.42201, 7051432,
0.42301, 7089152,
0.42401, 7126872,
0.42501, 7164592,
0.42601, 7205528,
0.42701, 7246464,
0.42801, 7287400,
0.42901, 7328336,
0.43001, 7369272,
0.43101, 7410208,
0.43201, 7451144,
0.43301, 7492080,
0.43401, 7533016,
0.43501, 7573952,
0.43601, 7614888,
0.43701, 7655824,
0.43801, 7696760,
0.43901, 7737696,
0.44001, 7778632,
0.44101, 7819568,
0.44201, 7860504,
0.44301, 7901440,
0.44401, 7943400,
0.44501, 7985360,
0.44601, 8027320,
0.44701, 8069280,
0.44801, 8111240,
0.44901, 8153200,
0.45001, 8195160,
0.45101, 8237120,
0.45201, 8279080,
0.45301, 8321040,
0.45401, 8363000,
0.45501, 8404960,
0.45601, 8446920,
0.45701, 8489904,
0.45801, 8532888,
0.45901, 8575872,
0.46001, 8618856,
0.46101, 8661840,
0.46201, 8704824,
0.46301, 8747808,
0.46401, 8790792,
0.46501, 8833776,
0.46601, 8876760,
0.46701, 8919744,
0.46801, 8962728,
0.46901, 9005712,
0.47001, 9049720,
0.47101, 9093728,
0.47201, 9137736,
0.47301, 9181744,
0.47401, 9225752,
0.47501, 9269760,
0.47601, 9313768,
0.47701, 9357776,
0.47801, 9401784,
0.47901, 9445792,
0.48001, 9489800,
0.48101, 9533808,
0.48201, 9577816,
0.48301, 9622848,
0.48401, 9667880,
0.48501, 9712912,
0.48601, 9757944,
0.48701, 9802976,
0.48801, 9848008,
0.48901, 9893040,
0.49001, 9938072,
0.49101, 9983104,
0.49201, 10028136,
0.49301, 10076920,
0.49401, 10125704,
0.49501, 10174488,
0.49601, 10223272,
0.49701, 10272056,
0.49801, 10320840,
0.49901, 10369624,
0.50001, 10418408,
0.50101, 10468216,
0.50201, 10518024,
0.50301, 10567832,
0.50401, 10617640,
0.50501, 10667448,
0.50601, 10717256,
0.50701, 10767064,
0.50801, 10816872,
0.50901, 10866680,
0.51001, 10917512,
0.51101, 10968344,
0.51201, 11019176,
0.51301, 11070008,
0.51401, 11120840,
0.51501, 11171672,
0.51601, 11222504,
0.51701, 11273336,
0.51801, 11324168,
0.51901, 11375000,
0.52001, 11425832,
0.52101, 11476664,
0.52201, 11527496,
0.52301, 11578328,
0.52401, 11629160,
0.52501, 11679992,
0.52601, 11730824,
0.52701, 11782680,
0.52801, 11834536,
0.52901, 11886392,
0.53001, 11938248,
0.53101, 11990104,
0.53201, 12041960,
0.53301, 12093816,
0.53401, 12145672,
0.53501, 12197528,
0.53601, 12249384,
0.53701, 12301240,
0.53801, 12353096,
0.53901, 12404952,
0.54001, 12456808,
0.54101, 12509688,
0.54201, 12562568,
0.54301, 12615448,
0.54401, 12668328,
0.54501, 12721208,
0.54601, 12774088,
0.54701, 12826968,
0.54801, 12879848,
0.54901, 12932728,
0.55001, 12985608,
0.55101, 13038488,
0.55201, 13091368,
0.55301, 13144248,
0.55401, 13198152,
0.55501, 13252056,
0.55601, 13305960,
0.55701, 13359864,
0.55801, 13413768,
0.55901, 13470352,
0.56001, 13526936,
0.56101, 13583520,
0.56201, 13640104,
0.56301, 13696688,
0.56401, 13753272,
0.56501, 13809856,
0.56601, 13866440,
0.56701, 13924048,
0.56801, 13981656,
0.56901, 14039264,
0.57001, 14096872,
0.57101, 14154480,
0.57201, 14212088,
0.57301, 14269696,
0.57401, 14327304,
0.57501, 14384912,
0.57601, 14442520,
0.57701, 14500128,
0.57801, 14557736,
0.57901, 14615344,
0.58001, 14672952,
0.58101, 14730560,
0.58201, 14788168,
0.58301, 14845776,
0.58401, 14903384,
0.58501, 14962016,
0.58601, 15020648,
0.58701, 15079280,
0.58801, 15137912,
0.58901, 15196544,
0.59001, 15255176,
0.59101, 15313808,
0.59201, 15372440,
0.59301, 15432096,
0.59401, 15491752,
0.59501, 15551408,
0.59601, 15611064,
0.59701, 15670720,
0.59801, 15732520,
0.59901, 15794320,
0.60001, 15856120,
0.60101, 15917920,
0.60201, 15979720,
0.60301, 16041520,
0.60401, 16103320,
0.60501, 16165120,
0.60601, 16227944,
0.60701, 16290768,
0.60801, 16353592,
0.60901, 16416416,
0.61001, 16479240,
0.61101, 16542064,
0.61201, 16604888,
0.61301, 16667712,
0.61401, 16730536,
0.61501, 16793360,
0.61601, 16856184,
0.61701, 16919008,
0.61801, 16981832,
0.61901, 17044656,
0.62001, 17108504,
0.62101, 17172352,
0.62201, 17236200,
0.62301, 17300048,
0.62401, 17363896,
0.62501, 17427744,
0.62601, 17491592,
0.62701, 17555440,
0.62801, 17619288,
0.62901, 17683136,
0.63001, 17746984,
0.63101, 17810832,
0.63201, 17874680,
0.63301, 17938528,
0.63401, 18002376,
0.63501, 18066224,
0.63601, 18130072,
0.63701, 18194944,
0.63801, 18259816,
0.63901, 18324688,
0.64001, 18389560,
0.64101, 18454432,
0.64201, 18520912,
0.64301, 18587392,
0.64401, 18653872,
0.64501, 18720352,
0.64601, 18786832,
0.64701, 18853312,
0.64801, 18919792,
0.64901, 18986272,
0.65001, 19052752,
0.65101, 19120256,
0.65201, 19187760,
0.65301, 19255264,
0.65401, 19322768,
0.65501, 19390272,
0.65601, 19457776,
0.65701, 19525280,
0.65801, 19592784,
0.65901, 19661312,
0.66001, 19729840,
0.66101, 19798368,
0.66201, 19866896,
0.66301, 19935424,
0.66401, 20003952,
0.66501, 20072480,
0.66601, 20141008,
0.66701, 20210560,
0.66801, 20280112,
0.66901, 20349664,
0.67001, 20419216,
0.67101, 20488768,
0.67201, 20558320,
0.67301, 20627872,
0.67401, 20697424,
0.67501, 20766976,
0.67601, 20837552,
0.67701, 20908128,
0.67801, 20978704,
0.67901, 21049280,
0.68001, 21119856,
0.68101, 21190432,
0.68201, 21261008,
0.68301, 21331584,
0.68401, 21402160,
0.68501, 21472736,
0.68601, 21543312,
0.68701, 21613888,
0.68801, 21684464,
0.68901, 21755040,
0.69001, 21825616,
0.69101, 21896192,
0.69201, 21966768,
0.69301, 22037344,
0.69401, 22108944,
0.69501, 22180544,
0.69601, 22252144,
0.69701, 22323744,
0.69801, 22395344,
0.69901, 22466944,
0.70001, 22538544,
0.70101, 22610144,
0.70201, 22682768,
0.70301, 22755392,
0.70401, 22828016,
0.70501, 22900640,
0.70601, 22973264,
0.70701, 23045888,
0.70801, 23118512,
0.70901, 23191136,
0.71001, 23263760,
0.71101, 23337408,
0.71201, 23411056,
0.71301, 23484704,
0.71401, 23558352,
0.71501, 23632000,
0.71601, 23705648,
0.71701, 23779296,
0.71801, 23852944,
0.71901, 23926592,
0.72001, 24000240,
0.72101, 24073888,
0.72201, 24147536,
0.72301, 24221184,
0.72401, 24294832,
0.72501, 24368480,
0.72601, 24442128,
0.72701, 24515776,
0.72801, 24589424,
0.72901, 24663072,
0.73001, 24736720,
0.73101, 24810368,
0.73201, 24884016,
0.73301, 24958688,
0.73401, 25033360,
0.73501, 25108032,
0.73601, 25182704,
0.73701, 25257376,
0.73801, 25332048,
0.73901, 25406720,
0.74001, 25481392,
0.74101, 25556064,
0.74201, 25631760,
0.74301, 25707456,
0.74401, 25783152,
0.74501, 25858848,
0.74601, 25934544,
0.74701, 26010240,
0.74801, 26085936,
0.74901, 26161632,
0.75001, 26238352,
0.75101, 26315072,
0.75201, 26391792,
0.75301, 26468512,
0.75401, 26545232,
0.75501, 26621952,
0.75601, 26698672,
0.75701, 26775392,
0.75801, 26852112,
0.75901, 26929856,
0.76001, 27007600,
0.76101, 27085344,
0.76201, 27163088,
0.76301, 27240832,
0.76401, 27318576,
0.76501, 27396320,
0.76601, 27474064,
0.76701, 27551808,
0.76801, 27629552,
0.76901, 27707296,
0.77001, 27785040,
0.77101, 27862784,
0.77201, 27940528,
0.77301, 28018272,
0.77401, 28096016,
0.77501, 28173760,
0.77601, 28252528,
0.77701, 28331296,
0.77801, 28410064,
0.77901, 28488832,
0.78001, 28567600,
0.78101, 28646368,
0.78201, 28725136,
0.78301, 28803904,
0.78401, 28882672,
0.78501, 28962464,
0.78601, 29042256,
0.78701, 29122048,
0.78801, 29201840,
0.78901, 29281632,
0.79001, 29361424,
0.79101, 29441216,
0.79201, 29521008,
0.79301, 29601824,
0.79401, 29682640,
0.79501, 29763456,
0.79601, 29844272,
0.79701, 29925088,
0.79801, 30005904,
0.79901, 30086720,
0.80001, 30167536,
0.80101, 30248352,
0.80201, 30330192,
0.80301, 30412032,
0.80401, 30493872,
0.80501, 30575712,
0.80601, 30657552,
0.80701, 30739392,
0.80801, 30821232,
0.80901, 30903072,
0.81001, 30985936,
0.81101, 31068800,
0.81201, 31151664,
0.81301, 31234528,
0.81401, 31317392,
0.81501, 31400256,
0.81601, 31483120,
0.81701, 31565984,
0.81801, 31648848,
0.81901, 31731712,
0.82001, 31814576,
0.82101, 31897440,
0.82201, 31980304,
0.82301, 32063168,
0.82401, 32146032,
0.82501, 32228896,
0.82601, 32311760,
0.82701, 32394624,
0.82801, 32477488,
0.82901, 32560352,
0.83001, 32643216,
0.83101, 32726080,
0.83201, 32808944,
0.83301, 32892832,
0.83401, 32976720,
0.83501, 33060608,
0.83601, 33144496,
0.83701, 33228384,
0.83801, 33312272,
0.83901, 33396160,
0.84001, 33480048,
0.84101, 33564960,
0.84201, 33649872,
0.84301, 33734784,
0.84401, 33819696,
0.84501, 33904608,
0.84601, 33989520,
0.84701, 34074432,
0.84801, 34159344,
0.84901, 34244256,
0.85001, 34330192,
0.85101, 34416128,
0.85201, 34502064,
0.85301, 34588000,
0.85401, 34673936,
0.85501, 34759872,
0.85601, 34845808,
0.85701, 34931744,
0.85801, 35018704,
0.85901, 35105664,
0.86001, 35192624,
0.86101, 35279584,
0.86201, 35366544,
0.86301, 35453504,
0.86401, 35540464,
0.86501, 35627424,
0.86601, 35715408,
0.86701, 35803392,
0.86801, 35891376,
0.86901, 35979360,
0.87001, 36067344,
0.87101, 36155328,
0.87201, 36243312,
0.87301, 36331296,
0.87401, 36419280,
0.87501, 36507264,
0.87601, 36595248,
0.87701, 36683232,
0.87801, 36771216,
0.87901, 36859200,
0.88001, 36947184,
0.88101, 37035168,
0.88201, 37123152,
0.88301, 37211136,
0.88401, 37299120,
0.88501, 37387104,
0.88601, 37475088,
0.88701, 37563072,
0.88801, 37651056,
0.88901, 37740064,
0.89001, 37829072,
0.89101, 37918080,
0.89201, 38007088,
0.89301, 38096096,
0.89401, 38185104,
0.89501, 38274112,
0.89601, 38363120,
0.89701, 38453152,
0.89801, 38543184,
0.89901, 38633216,
0.90001, 38723248,
0.90101, 38813280,
0.90201, 38903312,
0.90301, 38993344,
0.90401, 39083376,
0.90501, 39173408,
0.90601, 39263440,
0.90701, 39353472,
0.90801, 39443504,
0.90901, 39533536,
0.91001, 39623568,
0.91101, 39713600,
0.91201, 39803632,
0.91301, 39893664,
0.91401, 39983696,
0.91501, 40073728,
0.91601, 40163760,
0.91701, 40253792,
0.91801, 40343824,
0.91901, 40433856,
0.92001, 40523888,
0.92101, 40613920,
0.92201, 40703952,
0.92301, 40793984,
0.92401, 40884016,
0.92501, 40974048,
0.92601, 41064080,
0.92701, 41154112,
0.92801, 41244144,
0.92901, 41334176,
0.93001, 41424208,
0.93101, 41515264,
0.93201, 41606320,
0.93301, 41697376,
0.93401, 41788432,
0.93501, 41879488,
0.93601, 41970544,
0.93701, 42061600,
0.93801, 42152656,
0.93901, 42243712,
0.94001, 42334768,
0.94101, 42425824,
0.94201, 42516880,
0.94301, 42607936,
0.94401, 42698992,
0.94501, 42790048,
0.94601, 42881104,
0.94701, 42972160,
0.94801, 43063216,
0.94901, 43155296,
0.95001, 43247376,
0.95101, 43339456,
0.95201, 43431536,
0.95301, 43523616,
0.95401, 43615696,
0.95501, 43707776,
0.95601, 43799856,
0.95701, 43892960,
0.95801, 43986064,
0.95901, 44079168,
0.96001, 44172272,
0.96101, 44265376,
0.96201, 44358480,
0.96301, 44451584,
0.96401, 44544688,
0.96501, 44637792,
0.96601, 44731920,
0.96701, 44826048,
0.96801, 44920176,
0.96901, 45014304,
0.97001, 45108432,
0.97101, 45202560,
0.97201, 45296688,
0.97301, 45390816,
0.97401, 45485968,
0.97501, 45581120,
0.97601, 45676272,
0.97701, 45771424,
0.97801, 45866576,
0.97901, 45961728,
0.98001, 46056880,
0.98101, 46152032,
0.98201, 46247184,
0.98301, 46342336,
0.98401, 46437488,
0.98501, 46532640,
0.98601, 46627792,
0.98701, 46722944,
0.98801, 46818096,
0.98901, 46913248,
0.99001, 47008400,
0.99101, 47103552,
0.99201, 47199728,
0.99301, 47295904,
0.99401, 47392080,
0.99501, 47488256,
0.99601, 47584432,
0.99701, 47680608,
0.99801, 47776784,
0.99901, 47872960,
1.00001, 47969136,
1.00101, 48066336,
1.00201, 48163536,
1.00301, 48260736,
1.00401, 48357936,
1.00501, 48455136,
1.00601, 48552336,
1.00701, 48649536,
1.00801, 48746736,
1.00901, 48844960,
1.01001, 48943184,
1.01101, 49041408,
1.01201, 49139632,
1.01301, 49237856,
1.01401, 49336080,
1.01501, 49434304,
1.01601, 49532528,
1.01701, 49630752,
1.01801, 49730000,
1.01901, 49829248,
1.02001, 49928496,
1.02101, 50027744,
1.02201, 50126992,
1.02301, 50226240,
1.02401, 50325488,
1.02501, 50424736,
1.02601, 50525008,
1.02701, 50625280,
1.02801, 50725552,
1.02901, 50825824,
1.03001, 50926096,
1.03101, 51026368,
1.03201, 51126640,
1.03301, 51226912,
1.03401, 51328208,
1.03501, 51429504,
1.03601, 51530800,
1.03701, 51632096,
1.03801, 51733392,
1.03901, 51834688,
1.04001, 51935984,
1.04101, 52037280,
1.04201, 52138576,
1.04301, 52240896,
1.04401, 52343216,
1.04501, 52445536,
1.04601, 52547856,
1.04701, 52650176,
1.04801, 52752496,
1.04901, 52854816,
1.05001, 52957136,
1.05101, 53060480,
1.05201, 53163824,
1.05301, 53267168,
1.05401, 53370512,
1.05501, 53473856,
1.05601, 53577200,
1.05701, 53680544,
1.05801, 53783888,
1.05901, 53887232,
1.06001, 53991600,
1.06101, 54095968,
1.06201, 54200336,
1.06301, 54304704,
1.06401, 54409072,
1.06501, 54513440,
1.06601, 54617808,
1.06701, 54722176,
1.06801, 54827568,
1.06901, 54932960,
1.07001, 55038352,
1.07101, 55143744,
1.07201, 55249136,
1.07301, 55354528,
1.07401, 55459920,
1.07501, 55565312,
1.07601, 55670704,
1.07701, 55777120,
1.07801, 55883536,
1.07901, 55989952,
1.08001, 56096368,
1.08101, 56202784,
1.08201, 56309200,
1.08301, 56415616,
1.08401, 56522032,
1.08501, 56629472,
1.08601, 56736912,
1.08701, 56844352,
1.08801, 56951792,
1.08901, 57059232,
1.09001, 57166672,
1.09101, 57274112,
1.09201, 57381552,
1.09301, 57490016,
1.09401, 57598480,
1.09501, 57706944,
1.09601, 57815408,
1.09701, 57923872,
1.09801, 58032336,
1.09901, 58140800,
1.10001, 58249264,
1.10101, 58357728,
1.10201, 58467216,
1.10301, 58576704,
1.10401, 58686192,
1.10501, 58795680,
1.10601, 58905168,
1.10701, 59014656,
1.10801, 59124144,
1.10901, 59233632,
1.11001, 59344144,
1.11101, 59454656,
1.11201, 59565168,
1.11301, 59675680,
1.11401, 59786192,
1.11501, 59896704,
1.11601, 60007216,
1.11701, 60117728,
1.11801, 60228240,
1.11901, 60339776,
1.12001, 60451312,
1.12101, 60562848,
1.12201, 60674384,
1.12301, 60785920,
1.12401, 60897456,
1.12501, 61008992,
1.12601, 61120528,
1.12701, 61233088,
1.12801, 61345648,
1.12901, 61458208,
1.13001, 61570768,
1.13101, 61683328,
1.13201, 61795888,
1.13301, 61908448,
1.13401, 62021008,
1.13501, 62133568,
1.13601, 62247152,
1.13701, 62360736,
1.13801, 62474320,
1.13901, 62587904,
1.14001, 62701488,
1.14101, 62815072,
1.14201, 62928656,
1.14301, 63042240,
1.14401, 63156848,
1.14501, 63271456,
1.14601, 63386064,
1.14701, 63500672,
1.14801, 63615280,
1.14901, 63729888,
1.15001, 63844496,
1.15101, 63959104,
1.15201, 64074736,
1.15301, 64190368,
1.15401, 64306000,
1.15501, 64421632,
1.15601, 64537264,
1.15701, 64652896,
1.15801, 64768528,
1.15901, 64884160,
1.16001, 64999792,
1.16101, 65116448,
1.16201, 65233104,
1.16301, 65349760,
1.16401, 65466416,
1.16501, 65583072,
1.16601, 65699728,
1.16701, 65816384,
1.16801, 65933040,
1.16901, 66050720,
1.17001, 66168400,
1.17101, 66286080,
1.17201, 66403760,
1.17301, 66521440,
1.17401, 66639120,
1.17501, 66756800,
1.17601, 66874480,
1.17701, 66992160,
1.17801, 67110864,
1.17901, 67229568,
1.18001, 67348272,
1.18101, 67466976,
1.18201, 67585680,
1.18301, 67704384,
1.18401, 67823088,
1.18501, 67941792,
1.18601, 68061520,
1.18701, 68181248,
1.18801, 68300976,
1.18901, 68420704,
1.19001, 68540432,
1.19101, 68660160,
1.19201, 68779888,
1.19301, 68899616,
1.19401, 69019344,
1.19501, 69140096,
1.19601, 69260848,
1.19701, 69381600,
1.19801, 69502352,
1.19901, 69623104,
1.20001, 69743856,
1.20101, 69864608,
1.20201, 69985360,
1.20301, 70107136,
1.20401, 70228912,
1.20501, 70350688,
1.20601, 70472464,
1.20701, 70594240,
1.20801, 70716016,
1.20901, 70837792,
1.21001, 70959568,
1.21101, 71082368,
1.21201, 71205168,
1.21301, 71327968,
1.21401, 71450768,
1.21501, 71573568,
1.21601, 71696368,
1.21701, 71819168,
1.21801, 71941968,
1.21901, 72064768,
1.22001, 72188592,
1.22101, 72312416,
1.22201, 72436240,
1.22301, 72560064,
1.22401, 72683888,
1.22501, 72807712,
1.22601, 72931536,
1.22701, 73055360,
1.22801, 73180208,
1.22901, 73305056,
1.23001, 73429904,
1.23101, 73554752,
1.23201, 73679600,
1.23301, 73804448,
1.23401, 73929296,
1.23501, 74054144,
1.23601, 74178992,
1.23701, 74304864,
1.23801, 74430736,
1.23901, 74556608,
1.24001, 74682480,
1.24101, 74808352,
1.24201, 74934224,
1.24301, 75060096,
1.24401, 75185968,
1.24501, 75312864,
1.24601, 75439760,
1.24701, 75566656,
1.24801, 75693552,
1.24901, 75820448,
1.25001, 75947344,
1.25101, 76074240,
1.25201, 76201136,
1.25301, 76328032,
1.25401, 76455952,
1.25501, 76583872,
1.25601, 76711792,
1.25701, 76839712,
1.25801, 76967632,
1.25901, 77095552,
1.26001, 77223472,
1.26101, 77351392,
1.26201, 77480336,
1.26301, 77609280,
1.26401, 77738224,
1.26501, 77867168,
1.26601, 77996112,
1.26701, 78125056,
1.26801, 78254000,
1.26901, 78382944,
1.27001, 78512912,
1.27101, 78642880,
1.27201, 78772848,
1.27301, 78902816,
1.27401, 79032784,
1.27501, 79162752,
1.27601, 79292720,
1.27701, 79422688,
1.27801, 79552656,
1.27901, 79683648,
1.28001, 79814640,
1.28101, 79945632,
1.28201, 80076624,
1.28301, 80207616,
1.28401, 80338608,
1.28501, 80469600,
1.28601, 80600592,
1.28701, 80732608,
1.28801, 80864624,
1.28901, 80996640,
1.29001, 81128656,
1.29101, 81260672,
1.29201, 81392688,
1.29301, 81524704,
1.29401, 81656720,
1.29501, 81788736,
1.29601, 81921776,
1.29701, 82054816,
1.29801, 82187856,
1.29901, 82320896,
1.30001, 82453936,
1.30101, 82586976,
1.30201, 82720016,
1.30301, 82853056,
1.30401, 82987120,
1.30501, 83121184,
1.30601, 83255248,
1.30701, 83389312,
1.30801, 83523376,
1.30901, 83657440,
1.31001, 83791504,
1.31101, 83925568,
1.31201, 84059632,
1.31301, 84194720,
1.31401, 84329808,
1.31501, 84464896,
1.31601, 84599984,
1.31701, 84735072,
1.31801, 84870160,
1.31901, 85005248,
1.32001, 85140336,
1.32101, 85276448,
1.32201, 85412560,
1.32301, 85548672,
1.32401, 85684784,
1.32501, 85820896,
1.32601, 85957008,
1.32701, 86093120,
1.32801, 86229232,
1.32901, 86366368,
1.33001, 86503504,
1.33101, 86640640,
1.33201, 86777776,
1.33301, 86914912,
1.33401, 87052048,
1.33501, 87189184,
1.33601, 87326320,
1.33701, 87463456,
1.33801, 87601616,
1.33901, 87739776,
1.34001, 87877936,
1.34101, 88016096,
1.34201, 88154256,
1.34301, 88292416,
1.34401, 88430576,
1.34501, 88568736,
1.34601, 88707920,
1.34701, 88847104,
1.34801, 88986288,
1.34901, 89125472,
1.35001, 89264656,
1.35101, 89403840,
1.35201, 89543024,
1.35301, 89682208,
1.35401, 89821392,
1.35501, 89961600,
1.35601, 90101808,
1.35701, 90242016,
1.35801, 90382224,
1.35901, 90522432,
1.36001, 90662640,
1.36101, 90802848,
1.36201, 90943056,
1.36301, 91084288,
1.36401, 91225520,
1.36501, 91366752,
1.36601, 91507984,
1.36701, 91649216,
1.36801, 91790448,
1.36901, 91931680,
1.37001, 92072912,
1.37101, 92214144,
1.37201, 92356400,
1.37301, 92498656,
1.37401, 92640912,
1.37501, 92783168,
1.37601, 92925424,
1.37701, 93067680,
1.37801, 93209936,
1.37901, 93352192,
1.38001, 93495472,
1.38101, 93638752,
1.38201, 93782032,
1.38301, 93925312,
1.38401, 94068592,
1.38501, 94211872,
1.38601, 94355152,
1.38701, 94498432,
1.38801, 94641712,
1.38901, 94784992,
1.39001, 94928272,
1.39101, 95071552,
1.39201, 95214832,
1.39301, 95358112,
1.39401, 95501392,
1.39501, 95644672,
1.39601, 95787952,
1.39701, 95932256,
1.39801, 96076560,
1.39901, 96220864,
1.40001, 96365168,
1.40101, 96509472,
1.40201, 96653776,
1.40301, 96798080,
1.40401, 96942384,
1.40501, 97087712,
1.40601, 97233040,
1.40701, 97378368,
1.40801, 97523696,
1.40901, 97669024,
1.41001, 97814352,
1.41101, 97959680,
1.41201, 98105008,
1.41301, 98250336,
1.41401, 98396688,
1.41501, 98543040,
1.41601, 98689392,
1.41701, 98835744,
1.41801, 98982096,
1.41901, 99128448,
1.42001, 99274800,
1.42101, 99421152,
1.42201, 99568528,
1.42301, 99715904,
1.42401, 99863280,
1.42501, 100010656,
1.42601, 100158032,
1.42701, 100305408,
1.42801, 100452784,
1.42901, 100600160,
1.43001, 100747536,
1.43101, 100895936,
1.43201, 101044336,
1.43301, 101192736,
1.43401, 101341136,
1.43501, 101489536,
1.43601, 101637936,
1.43701, 101786336,
1.43801, 101934736,
1.43901, 102084160,
1.44001, 102233584,
1.44101, 102383008,
1.44201, 102532432,
1.44301, 102681856,
1.44401, 102831280,
1.44501, 102980704,
1.44601, 103130128,
1.44701, 103279552,
1.44801, 103430000,
1.44901, 103580448,
1.45001, 103730896,
1.45101, 103881344,
1.45201, 104031792,
1.45301, 104182240,
1.45401, 104332688,
1.45501, 104483136,
1.45601, 104634608,
1.45701, 104786080,
1.45801, 104937552,
1.45901, 105089024,
1.46001, 105240496,
1.46101, 105391968,
1.46201, 105543440,
1.46301, 105694912,
1.46401, 105847408,
1.46501, 105999904,
1.46601, 106152400,
1.46701, 106304896,
1.46801, 106457392,
1.46901, 106609888,
1.47001, 106762384,
1.47101, 106914880,
1.47201, 107067376,
1.47301, 107220896,
1.47401, 107374416,
1.47501, 107527936,
1.47601, 107681456,
1.47701, 107834976,
1.47801, 107988496,
1.47901, 108142016,
1.48001, 108295536,
1.48101, 108450080,
1.48201, 108604624,
1.48301, 108759168,
1.48401, 108913712,
1.48501, 109068256,
1.48601, 109222800,
1.48701, 109377344,
1.48801, 109531888,
1.48901, 109686432,
1.49001, 109842000,
1.49101, 109997568,
1.49201, 110153136,
1.49301, 110308704,
1.49401, 110464272,
1.49501, 110619840,
1.49601, 110775408,
1.49701, 110930976,
1.49801, 111087568,
1.49901, 111244160,
1.50001, 111400752,
1.50101, 111557344,
1.50201, 111713936,
1.50301, 111870528,
1.50401, 112027120,
1.50501, 112183712,
1.50601, 112340304,
1.50701, 112497920,
1.50801, 112655536,
1.50901, 112813152,
1.51001, 112970768,
1.51101, 113128384,
1.51201, 113286000,
1.51301, 113443616,
1.51401, 113601232,
1.51501, 113759872,
1.51601, 113918512,
1.51701, 114077152,
1.51801, 114235792,
1.51901, 114394432,
1.52001, 114553072,
1.52101, 114711712,
1.52201, 114870352,
1.52301, 115030016,
1.52401, 115189680,
1.52501, 115349344,
1.52601, 115509008,
1.52701, 115668672,
1.52801, 115828336,
1.52901, 115988000,
1.53001, 116147664,
1.53101, 116307328,
1.53201, 116468016,
1.53301, 116628704,
1.53401, 116789392,
1.53501, 116950080,
1.53601, 117110768,
1.53701, 117271456,
1.53801, 117432144,
1.53901, 117592832,
1.54001, 117754544,
1.54101, 117916256,
1.54201, 118077968,
1.54301, 118239680,
1.54401, 118401392,
1.54501, 118563104,
1.54601, 118724816,
1.54701, 118886528,
1.54801, 119048240,
1.54901, 119210976,
1.55001, 119373712,
1.55101, 119536448,
1.55201, 119699184,
1.55301, 119861920,
1.55401, 120024656,
1.55501, 120187392,
1.55601, 120350128,
1.55701, 120513888,
1.55801, 120677648,
1.55901, 120841408,
1.56001, 121005168,
1.56101, 121168928,
1.56201, 121332688,
1.56301, 121496448,
1.56401, 121660208,
1.56501, 121823968,
1.56601, 121988752,
1.56701, 122153536,
1.56801, 122318320,
1.56901, 122483104,
1.57001, 122647888,
1.57101, 122812672,
1.57201, 122977456,
1.57301, 123142240,
1.57401, 123308048,
1.57501, 123473856,
1.57601, 123639664,
1.57701, 123805472,
1.57801, 123971280,
1.57901, 124137088,
1.58001, 124302896,
1.58101, 124468704,
1.58201, 124635536,
1.58301, 124802368,
1.58401, 124969200,
1.58501, 125136032,
1.58601, 125302864,
1.58701, 125469696,
1.58801, 125636528,
1.58901, 125803360,
1.59001, 125970192,
1.59101, 126138048,
1.59201, 126305904,
1.59301, 126473760,
1.59401, 126641616,
1.59501, 126809472,
1.59601, 126977328,
1.59701, 127145184,
1.59801, 127313040,
1.59901, 127481920,
1.60001, 127650800,
1.60101, 127819680,
1.60201, 127988560,
1.60301, 128157440,
1.60401, 128326320,
1.60501, 128495200,
1.60601, 128664080,
1.60701, 128832960,
1.60801, 129002864,
1.60901, 129172768,
1.61001, 129342672,
1.61101, 129512576,
1.61201, 129682480,
1.61301, 129852384,
1.61401, 130022288,
1.61501, 130192192,
1.61601, 130363120,
1.61701, 130534048,
1.61801, 130704976,
1.61901, 130875904,
1.62001, 131046832,
1.62101, 131217760,
1.62201, 131388688,
1.62301, 131559616,
1.62401, 131730544,
1.62501, 131902496,
1.62601, 132074448,
1.62701, 132246400,
1.62801, 132418352,
1.62901, 132590304,
1.63001, 132762256,
1.63101, 132934208,
1.63201, 133106160,
1.63301, 133279136,
1.63401, 133452112,
1.63501, 133625088,
1.63601, 133798064,
1.63701, 133971040,
1.63801, 134144016,
1.63901, 134316992,
1.64001, 134489968,
1.64101, 134663968,
1.64201, 134837968,
1.64301, 135011968,
1.64401, 135185968,
1.64501, 135359968,
1.64601, 135533968,
1.64701, 135707968,
1.64801, 135881968,
1.64901, 136055968,
1.65001, 136230992,
1.65101, 136406016,
1.65201, 136581040,
1.65301, 136756064,
1.65401, 136931088,
1.65501, 137106112,
1.65601, 137281136,
1.65701, 137456160,
1.65801, 137632208,
1.65901, 137808256,
1.66001, 137984304,
1.66101, 138160352,
1.66201, 138336400,
1.66301, 138512448,
1.66401, 138688496,
1.66501, 138864544,
1.66601, 139040592,
1.66701, 139217664,
1.66801, 139394736,
1.66901, 139571808,
1.67001, 139748880,
1.67101, 139925952,
1.67201, 140103024,
1.67301, 140280096,
1.67401, 140457168,
1.67501, 140635264,
1.67601, 140813360,
1.67701, 140991456,
1.67801, 141169552,
1.67901, 141347648,
1.68001, 141538608,
1.68101, 141729568,
1.68201, 141920528,
1.68301, 142111488,
1.68401, 142302448,
1.68501, 142493408,
1.68601, 142684368,
1.68701, 142875328,
1.68801, 143067312,
1.68901, 143259296,
1.69001, 143451280,
1.69101, 143643264,
1.69201, 143835248,
1.69301, 144027232,
1.69401, 144219216,
1.69501, 144411200,
1.69601, 144603184,
1.69701, 144796192,
1.69801, 144989200,
1.69901, 145182208,
1.70001, 145375216,
1.70101, 145568224,
1.70201, 145761232,
1.70301, 145954240,
1.70401, 146147248,
1.70501, 146341280,
1.70601, 146535312,
1.70701, 146729344,
1.70801, 146923376,
1.70901, 147117408,
1.71001, 147311440,
1.71101, 147505472,
1.71201, 147699504,
1.71301, 147893536,
1.71401, 148088592,
1.71501, 148283648,
1.71601, 148478704,
1.71701, 148673760,
1.71801, 148869352,
1.71901, 149064944,
1.72001, 149260536,
1.72101, 149456128,
1.72201, 149651720,
1.72301, 149847312,
1.72401, 150042904,
1.72501, 150238496,
1.72601, 150434088,
1.72701, 150630704,
1.72801, 150827320,
1.72901, 151023936,
1.73001, 151220552,
1.73101, 151417168,
1.73201, 151613784,
1.73301, 151810400,
1.73401, 152007016,
1.73501, 152204656,
1.73601, 152402296,
1.73701, 152599936,
1.73801, 152797576,
1.73901, 152995216,
1.74001, 153192856,
1.74101, 153390496,
1.74201, 153588136,
1.74301, 153785776,
1.74401, 153983416,
1.74501, 154181056,
1.74601, 154378696,
1.74701, 154576336,
1.74801, 154775000,
1.74901, 154973664,
1.75001, 155172328,
1.75101, 155370992,
1.75201, 155569656,
1.75301, 155768320,
1.75401, 155966984,
1.75501, 156165648,
1.75601, 156364312,
1.75701, 156564000,
1.75801, 156763688,
1.75901, 156963376,
1.76001, 157163064,
1.76101, 157362752,
1.76201, 157562440,
1.76301, 157762128,
1.76401, 157961816,
1.76501, 158161504,
1.76601, 158361192,
1.76701, 158560880,
1.76801, 158760568,
1.76901, 158960256,
1.77001, 159159944,
1.77101, 159359632,
1.77201, 159559320,
1.77301, 159759008,
1.77401, 159958696,
1.77501, 160159408,
1.77601, 160360120,
1.77701, 160560832,
1.77801, 160761544,
1.77901, 160962256,
1.78001, 161162968,
1.78101, 161363680,
1.78201, 161564392,
1.78301, 161765104,
1.78401, 161966840,
1.78501, 162168576,
1.78601, 162370312,
1.78701, 162572048,
1.78801, 162773784,
1.78901, 162975520,
1.79001, 163177256,
1.79101, 163378992,
1.79201, 163580728,
1.79301, 163782464,
1.79401, 163984200,
1.79501, 164185936,
1.79601, 164387672,
1.79701, 164589408,
1.79801, 164791144,
1.79901, 164992880,
