0.00101, 0,
0.00201, 0,
0.00301, 0,
0.00401, 0,
0.00501, 0,
0.00601, 0,
0.00701, 0,
0.00801, 0,
0.00901, 0,
0.01001, 0,
0.01101, 0,
0.01201, 0,
0.01301, 0,
0.01401, 0,
0.01501, 0,
0.01601, 0,
0.01701, 0,
0.01801, 0,
0.01901, 0,
0.02001, 0,
0.02101, 0,
0.02201, 0,
0.02301, 0,
0.02401, 0,
0.02501, 0,
0.02601, 0,
0.02701, 0,
0.02801, 0,
0.02901, 0,
0.03001, 0,
0.03101, 0,
0.03201, 0,
0.03301, 0,
0.03401, 0,
0.03501, 0,
0.03601, 0,
0.03701, 536,
0.03801, 1072,
0.03901, 1608,
0.04001, 2144,
0.04101, 3216,
0.04201, 4288,
0.04301, 5360,
0.04401, 6432,
0.04501, 7504,
0.04601, 9112,
0.04701, 10720,
0.04801, 12328,
0.04901, 13936,
0.05001, 15544,
0.05101, 17688,
0.05201, 19832,
0.05301, 21976,
0.05401, 24120,
0.05501, 26800,
0.05601, 29480,
0.05701, 32160,
0.05801, 34840,
0.05901, 37520,
0.06001, 40736,
0.06101, 43952,
0.06201, 47168,
0.06301, 50384,
0.06401, 53600,
0.06501, 57352,
0.06601, 61104,
0.06701, 64856,
0.06801, 68608,
0.06901, 72360,
0.07001, 76648,
0.07101, 80936,
0.07201, 85224,
0.07301, 89512,
0.07401, 94336,
0.07501, 99160,
0.07601, 103984,
0.07701, 108808,
0.07801, 113632,
0.07901, 118992,
0.08001, 124352,
0.08101, 129712,
0.08201, 135072,
0.08301, 140432,
0.08401, 146328,
0.08501, 152224,
0.08601, 158120,
0.08701, 164016,
0.08801, 170448,
0.08901, 176880,
0.09001, 183312,
0.09101, 189744,
0.09201, 196176,
0.09301, 203144,
0.09401, 210112,
0.09501, 217080,
0.09601, 224048,
0.09701, 231016,
0.09801, 238520,
0.09901, 246024,
0.10001, 253528,
0.10101, 261032,
0.10201, 268536,
0.10301, 276576,
0.10401, 284616,
0.10501, 292656,
0.10601, 300696,
0.10701, 309272,
0.10801, 317848,
0.10901, 326424,
0.11001, 335000,
0.11101, 343576,
0.11201, 352688,
0.11301, 361800,
0.11401, 370912,
0.11501, 380024,
0.11601, 389136,
0.11701, 398784,
0.11801, 408432,
0.11901, 418080,
0.12001, 427728,
0.12101, 437376,
0.12201, 447560,
0.12301, 457744,
0.12401, 467928,
0.12501, 478112,
0.12601, 488832,
0.12701, 499552,
0.12801, 510272,
0.12901, 520992,
0.13001, 531712,
0.13101, 542968,
0.13201, 554224,
0.13301, 565480,
0.13401, 576736,
0.13501, 587992,
0.13601, 599784,
0.13701, 611576,
0.13801, 623368,
0.13901, 635160,
0.14001, 647488,
0.14101, 659816,
0.14201, 672144,
0.14301, 684472,
0.14401, 696800,
0.14501, 709664,
0.14601, 722528,
0.14701, 735392,
0.14801, 748256,
0.14901, 761120,
0.15001, 773984,
0.15101, 786848,
0.15201, 799712,
0.15301, 812576,
0.15401, 825440,
0.15501, 838304,
0.15601, 851168,
0.15701, 864032,
0.15801, 876896,
0.15901, 889760,
0.16001, 902624,
0.16101, 915488,
0.16201, 928352,
0.16301, 941216,
0.16401, 954080,
0.16501, 966944,
0.16601, 979808,
0.16701, 992672,
0.16801, 1005536,
0.16901, 1018400,
0.17001, 1031264,
0.17101, 1044128,
0.17201, 1056992,
0.17301, 1069856,
0.17401, 1082720,
0.17501, 1095584,
0.17601, 1108448,
0.17701, 1121312,
0.17801, 1134176,
0.17901, 1147040,
0.18001, 1159904,
0.18101, 1172768,
0.18201, 1185632,
0.18301, 1198496,
0.18401, 1211360,
0.18501, 1224224,
0.18601, 1237088,
0.18701, 1249952,
0.18801, 1262816,
0.18901, 1275680,
0.19001, 1288544,
0.19101, 1301408,
0.19201, 1314272,
0.19301, 1327136,
0.19401, 1340000,
0.19501, 1352864,
0.19601, 1365728,
0.19701, 1378592,
0.19801, 1391456,
0.19901, 1404320,
0.20001, 1417184,
0.20101, 1430048,
0.20201, 1442912,
0.20301, 1455776,
0.20401, 1468640,
0.20501, 1481504,
0.20601, 1494368,
0.20701, 1507232,
0.20801, 1520096,
0.20901, 1532960,
0.21001, 1545824,
0.21101, 1558688,
0.21201, 1571552,
0.21301, 1584416,
0.21401, 1597280,
0.21501, 1610144,
0.21601, 1623008,
0.21701, 1635872,
0.21801, 1648736,
0.21901, 1661600,
0.22001, 1674464,
0.22101, 1695904,
0.22201, 1717344,
0.22301, 1738784,
0.22401, 1760224,
0.22501, 1782200,
0.22601, 1804176,
0.22701, 1826152,
0.22801, 1848128,
0.22901, 1870104,
0.23001, 1892616,
0.23101, 1915128,
0.23201, 1937640,
0.23301, 1960152,
0.23401, 1982664,
0.23501, 2005712,
0.23601, 2028760,
0.23701, 2051808,
0.23801, 2074856,
0.23901, 2097904,
0.24001, 2121488,
0.24101, 2145072,
0.24201, 2168656,
0.24301, 2192240,
0.24401, 2216360,
0.24501, 2240480,
0.24601, 2264600,
0.24701, 2288720,
0.24801, 2312840,
0.24901, 2336960,
0.25001, 2361080,
0.25101, 2385200,
0.25201, 2409320,
0.25301, 2434464,
0.25401, 2459608,
0.25501, 2484752,
0.25601, 2509896,
0.25701, 2535040,
0.25801, 2560184,
0.25901, 2585328,
0.26001, 2610472,
0.26101, 2635616,
0.26201, 2660760,
0.26301, 2685904,
0.26401, 2711048,
0.26501, 2736192,
0.26601, 2761336,
0.26701, 2786480,
0.26801, 2811624,
0.26901, 2836768,
0.27001, 2861912,
0.27101, 2887056,
0.27201, 2912200,
0.27301, 2937344,
0.27401, 2962488,
0.27501, 2987632,
0.27601, 3012776,
0.27701, 3037920,
0.27801, 3063064,
0.27901, 3088208,
0.28001, 3114376,
0.28101, 3140544,
0.28201, 3166712,
0.28301, 3192880,
0.28401, 3219048,
0.28501, 3245216,
0.28601, 3271384,
0.28701, 3297552,
0.28801, 3323720,
0.28901, 3349888,
0.29001, 3376056,
0.29101, 3402224,
0.29201, 3428392,
0.29301, 3454560,
0.29401, 3480728,
0.29501, 3506896,
0.29601, 3533064,
0.29701, 3559232,
0.29801, 3585400,
0.29901, 3611568,
0.30001, 3637736,
0.30101, 3663904,
0.30201, 3690072,
0.30301, 3716240,
0.30401, 3742408,
0.30501, 3768576,
0.30601, 3794744,
0.30701, 3821936,
0.30801, 3849128,
0.30901, 3876320,
0.31001, 3903512,
0.31101, 3930704,
0.31201, 3957896,
0.31301, 3985088,
0.31401, 4012280,
0.31501, 4039472,
0.31601, 4066664,
0.31701, 4093856,
0.31801, 4121048,
0.31901, 4148240,
0.32001, 4175432,
0.32101, 4202624,
0.32201, 4229816,
0.32301, 4257008,
0.32401, 4284200,
0.32501, 4311392,
0.32601, 4338584,
0.32701, 4365776,
0.32801, 4392968,
0.32901, 4420160,
0.33001, 4447352,
0.33101, 4474544,
0.33201, 4501736,
0.33301, 4528928,
0.33401, 4556120,
0.33501, 4584336,
0.33601, 4612552,
0.33701, 4640768,
0.33801, 4668984,
0.33901, 4697200,
0.34001, 4725416,
0.34101, 4753632,
0.34201, 4781848,
0.34301, 4810064,
0.34401, 4843104,
0.34501, 4876144,
0.34601, 4909184,
0.34701, 4942224,
0.34801, 4975264,
0.34901, 5008304,
0.35001, 5041344,
0.35101, 5074384,
0.35201, 5107424,
0.35301, 5140464,
0.35401, 5173504,
0.35501, 5206544,
0.35601, 5239584,
0.35701, 5272624,
0.35801, 5305664,
0.35901, 5338704,
0.36001, 5371744,
0.36101, 5404784,
0.36201, 5438848,
0.36301, 5472912,
0.36401, 5506976,
0.36501, 5541040,
0.36601, 5575104,
0.36701, 5609168,
0.36801, 5643232,
0.36901, 5677296,
0.37001, 5711360,
0.37101, 5745424,
0.37201, 5779488,
0.37301, 5813552,
0.37401, 5847616,
0.37501, 5881680,
0.37601, 5915744,
0.37701, 5949808,
0.37801, 5983872,
0.37901, 6017936,
0.38001, 6052000,
0.38101, 6086064,
0.38201, 6120128,
0.38301, 6154192,
0.38401, 6188256,
0.38501, 6222320,
0.38601, 6256384,
0.38701, 6290448,
0.38801, 6324512,
0.38901, 6359600,
0.39001, 6394688,
0.39101, 6429776,
0.39201, 6464864,
0.39301, 6499952,
0.39401, 6536648,
0.39501, 6573344,
0.39601, 6610040,
0.39701, 6646736,
0.39801, 6683432,
0.39901, 6720128,
0.40001, 6756824,
0.40101, 6793520,
0.40201, 6830216,
0.40301, 6866912,
0.40401, 6903608,
0.40501, 6940304,
0.40601, 6977000,
0.40701, 7013696,
0.40801, 7053072,
0.40901, 7092448,
0.41001, 7131824,
0.41101, 7171200,
0.41201, 7210576,
0.41301, 7249952,
0.41401, 7289328,
0.41501, 7328704,
0.41601, 7368080,
0.41701, 7408480,
0.41801, 7448880,
0.41901, 7489280,
0.42001, 7529680,
0.42101, 7570080,
0.42201, 7610480,
0.42301, 7650880,
0.42401, 7691280,
0.42501, 7731680,
0.42601, 7772080,
0.42701, 7812480,
0.42801, 7852880,
0.42901, 7893280,
0.43001, 7933680,
0.43101, 7974080,
0.43201, 8014480,
0.43301, 8054880,
0.43401, 8095280,
0.43501, 8139432,
0.43601, 8183584,
0.43701, 8227736,
0.43801, 8271888,
0.43901, 8316040,
0.44001, 8360192,
0.44101, 8404344,
0.44201, 8448496,
0.44301, 8492648,
0.44401, 8537824,
0.44501, 8583000,
0.44601, 8628176,
0.44701, 8673352,
0.44801, 8718528,
0.44901, 8763704,
0.45001, 8808880,
0.45101, 8854056,
0.45201, 8899232,
0.45301, 8944408,
0.45401, 8989584,
0.45501, 9034760,
0.45601, 9079936,
0.45701, 9126136,
0.45801, 9172336,
0.45901, 9218536,
0.46001, 9264736,
0.46101, 9310936,
0.46201, 9357136,
0.46301, 9403336,
0.46401, 9449536,
0.46501, 9495736,
0.46601, 9541936,
0.46701, 9588136,
0.46801, 9634336,
0.46901, 9680536,
0.47001, 9727760,
0.47101, 9774984,
0.47201, 9822208,
0.47301, 9869432,
0.47401, 9916656,
0.47501, 9963880,
0.47601, 10011104,
0.47701, 10058328,
0.47801, 10105552,
0.47901, 10152776,
0.48001, 10200000,
0.48101, 10247224,
0.48201, 10294448,
0.48301, 10342696,
0.48401, 10390944,
0.48501, 10439192,
0.48601, 10487440,
0.48701, 10535688,
0.48801, 10583936,
0.48901, 10632184,
0.49001, 10680432,
0.49101, 10728680,
0.49201, 10776928,
0.49301, 10825176,
0.49401, 10873424,
0.49501, 10921672,
0.49601, 10969920,
0.49701, 11018168,
0.49801, 11066416,
0.49901, 11114664,
0.50001, 11162912,
0.50101, 11212184,
0.50201, 11261456,
0.50301, 11310728,
0.50401, 11360000,
0.50501, 11409272,
0.50601, 11458544,
0.50701, 11507816,
0.50801, 11557088,
0.50901, 11606360,
0.51001, 11656656,
0.51101, 11706952,
0.51201, 11757248,
0.51301, 11807544,
0.51401, 11857840,
0.51501, 11908136,
0.51601, 11958432,
0.51701, 12008728,
0.51801, 12059024,
0.51901, 12109320,
0.52001, 12159616,
0.52101, 12209912,
0.52201, 12260208,
0.52301, 12310504,
0.52401, 12360800,
0.52501, 12411096,
0.52601, 12461392,
0.52701, 12512712,
0.52801, 12564032,
0.52901, 12615352,
0.53001, 12666672,
0.53101, 12717992,
0.53201, 12769312,
0.53301, 12820632,
0.53401, 12871952,
0.53501, 12923272,
0.53601, 12974592,
0.53701, 13025912,
0.53801, 13077232,
0.53901, 13128552,
0.54001, 13179872,
0.54101, 13232216,
0.54201, 13284560,
0.54301, 13336904,
0.54401, 13389248,
0.54501, 13441592,
0.54601, 13493936,
0.54701, 13546280,
0.54801, 13598624,
0.54901, 13650968,
0.55001, 13703312,
0.55101, 13755656,
0.55201, 13808000,
0.55301, 13860344,
0.55401, 13913712,
0.55501, 13967080,
0.55601, 14020448,
0.55701, 14073816,
0.55801, 14127184,
0.55901, 14180552,
0.56001, 14233920,
0.56101, 14287288,
0.56201, 14340656,
0.56301, 14394024,
0.56401, 14447392,
0.56501, 14500760,
0.56601, 14554128,
0.56701, 14608520,
0.56801, 14662912,
0.56901, 14717304,
0.57001, 14771696,
0.57101, 14826088,
0.57201, 14880480,
0.57301, 14934872,
0.57401, 14989264,
0.57501, 15043656,
0.57601, 15098048,
0.57701, 15152440,
0.57801, 15206832,
0.57901, 15261224,
0.58001, 15315616,
0.58101, 15370008,
0.58201, 15424400,
0.58301, 15478792,
0.58401, 15533184,
0.58501, 15588600,
0.58601, 15644016,
0.58701, 15699432,
0.58801, 15754848,
0.58901, 15810264,
0.59001, 15865680,
0.59101, 15921096,
0.59201, 15976512,
0.59301, 16032952,
0.59401, 16089392,
0.59501, 16145832,
0.59601, 16202272,
0.59701, 16258712,
0.59801, 16315152,
0.59901, 16371592,
0.60001, 16428032,
0.60101, 16484472,
0.60201, 16540912,
0.60301, 16597352,
0.60401, 16653792,
0.60501, 16710232,
0.60601, 16767696,
0.60701, 16825160,
0.60801, 16882624,
0.60901, 16940088,
0.61001, 16997552,
0.61101, 17055016,
0.61201, 17112480,
0.61301, 17169944,
0.61401, 17227408,
0.61501, 17284872,
0.61601, 17342336,
0.61701, 17399800,
0.61801, 17457264,
0.61901, 17514728,
0.62001, 17573216,
0.62101, 17631704,
0.62201, 17690192,
0.62301, 17748680,
0.62401, 17807168,
0.62501, 17865656,
0.62601, 17924144,
0.62701, 17982632,
0.62801, 18041120,
0.62901, 18099608,
0.63001, 18158096,
0.63101, 18216584,
0.63201, 18275072,
0.63301, 18333560,
0.63401, 18392048,
0.63501, 18450536,
0.63601, 18509024,
0.63701, 18568536,
0.63801, 18628048,
0.63901, 18687560,
0.64001, 18747072,
0.64101, 18806584,
0.64201, 18866096,
0.64301, 18925608,
0.64401, 18985120,
0.64501, 19044632,
0.64601, 19104144,
0.64701, 19163656,
0.64801, 19223168,
0.64901, 19282680,
0.65001, 19342192,
0.65101, 19402728,
0.65201, 19463264,
0.65301, 19523800,
0.65401, 19584336,
0.65501, 19644872,
0.65601, 19705408,
0.65701, 19765944,
0.65801, 19826480,
0.65901, 19888040,
0.66001, 19949600,
0.66101, 20011160,
0.66201, 20072720,
0.66301, 20134280,
0.66401, 20195840,
0.66501, 20257400,
0.66601, 20318960,
0.66701, 20381544,
0.66801, 20444128,
0.66901, 20506712,
0.67001, 20569296,
0.67101, 20631880,
0.67201, 20694464,
0.67301, 20757048,
0.67401, 20819632,
0.67501, 20882216,
0.67601, 20945824,
0.67701, 21009432,
0.67801, 21073040,
0.67901, 21136648,
0.68001, 21200256,
0.68101, 21263864,
0.68201, 21327472,
0.68301, 21391080,
0.68401, 21454688,
0.68501, 21518296,
0.68601, 21581904,
0.68701, 21645512,
0.68801, 21709120,
0.68901, 21772728,
0.69001, 21836336,
0.69101, 21899944,
0.69201, 21963552,
0.69301, 22027160,
0.69401, 22091792,
0.69501, 22156424,
0.69601, 22221056,
0.69701, 22285688,
0.69801, 22350320,
0.69901, 22414952,
0.70001, 22479584,
0.70101, 22544216,
0.70201, 22609872,
0.70301, 22675528,
0.70401, 22741184,
0.70501, 22806840,
0.70601, 22872496,
0.70701, 22938152,
0.70801, 23003808,
0.70901, 23069464,
0.71001, 23135120,
0.71101, 23201800,
0.71201, 23268480,
0.71301, 23335160,
0.71401, 23401840,
0.71501, 23468520,
0.71601, 23535200,
0.71701, 23601880,
0.71801, 23668560,
0.71901, 23735240,
0.72001, 23801920,
0.72101, 23868600,
0.72201, 23935280,
0.72301, 24001960,
0.72401, 24068640,
0.72501, 24135320,
0.72601, 24202000,
0.72701, 24268680,
0.72801, 24335360,
0.72901, 24402040,
0.73001, 24468720,
0.73101, 24535400,
0.73201, 24602080,
0.73301, 24669784,
0.73401, 24737488,
0.73501, 24805192,
0.73601, 24872896,
0.73701, 24940600,
0.73801, 25008304,
0.73901, 25076008,
0.74001, 25143712,
0.74101, 25211416,
0.74201, 25280144,
0.74301, 25348872,
0.74401, 25417600,
0.74501, 25486328,
0.74601, 25555056,
0.74701, 25623784,
0.74801, 25692512,
0.74901, 25761240,
0.75001, 25830992,
0.75101, 25900744,
0.75201, 25970496,
0.75301, 26040248,
0.75401, 26110000,
0.75501, 26179752,
0.75601, 26249504,
0.75701, 26319256,
0.75801, 26389008,
0.75901, 26459784,
0.76001, 26530560,
0.76101, 26601336,
0.76201, 26672112,
0.76301, 26742888,
0.76401, 26813664,
0.76501, 26884440,
0.76601, 26955216,
0.76701, 27025992,
0.76801, 27096768,
0.76901, 27167544,
0.77001, 27238320,
0.77101, 27309096,
0.77201, 27379872,
0.77301, 27450648,
0.77401, 27521424,
0.77501, 27592200,
0.77601, 27664000,
0.77701, 27735800,
0.77801, 27807600,
0.77901, 27879400,
0.78001, 27951200,
0.78101, 28023000,
0.78201, 28094800,
0.78301, 28166600,
0.78401, 28238400,
0.78501, 28311224,
0.78601, 28384048,
0.78701, 28456872,
0.78801, 28529696,
0.78901, 28602520,
0.79001, 28675344,
0.79101, 28748168,
0.79201, 28820992,
0.79301, 28894840,
0.79401, 28968688,
0.79501, 29042536,
0.79601, 29116384,
0.79701, 29190232,
0.79801, 29264080,
0.79901, 29337928,
0.80001, 29411776,
0.80101, 29485624,
0.80201, 29560496,
0.80301, 29635368,
0.80401, 29710240,
0.80501, 29785112,
0.80601, 29859984,
0.80701, 29934856,
0.80801, 30009728,
0.80901, 30084600,
0.81001, 30160496,
0.81101, 30236392,
0.81201, 30312288,
0.81301, 30388184,
0.81401, 30464080,
0.81501, 30539976,
0.81601, 30615872,
0.81701, 30691768,
0.81801, 30767664,
0.81901, 30843560,
0.82001, 30919456,
0.82101, 30995352,
0.82201, 31071248,
0.82301, 31147144,
0.82401, 31223040,
0.82501, 31298936,
0.82601, 31374832,
0.82701, 31450728,
0.82801, 31526624,
0.82901, 31602520,
0.83001, 31678416,
0.83101, 31754312,
0.83201, 31830208,
0.83301, 31907128,
0.83401, 31984048,
0.83501, 32060968,
0.83601, 32137888,
0.83701, 32214808,
0.83801, 32291728,
0.83901, 32368648,
0.84001, 32445568,
0.84101, 32523512,
0.84201, 32601456,
0.84301, 32679400,
0.84401, 32757344,
0.84501, 32835288,
0.84601, 32913232,
0.84701, 32991176,
0.84801, 33069120,
0.84901, 33147064,
0.85001, 33226032,
0.85101, 33305000,
0.85201, 33383968,
0.85301, 33462936,
0.85401, 33541904,
0.85501, 33620872,
0.85601, 33699840,
0.85701, 33778808,
0.85801, 33858800,
0.85901, 33938792,
0.86001, 34018784,
0.86101, 34098776,
0.86201, 34178768,
0.86301, 34258760,
0.86401, 34338752,
0.86501, 34418744,
0.86601, 34499760,
0.86701, 34580776,
0.86801, 34661792,
0.86901, 34742808,
0.87001, 34823824,
0.87101, 34904840,
0.87201, 34985856,
0.87301, 35066872,
0.87401, 35147888,
0.87501, 35228904,
0.87601, 35309920,
0.87701, 35390936,
0.87801, 35471952,
0.87901, 35552968,
0.88001, 35633984,
0.88101, 35715000,
0.88201, 35796016,
0.88301, 35877032,
0.88401, 35958048,
0.88501, 36039064,
0.88601, 36120080,
0.88701, 36201096,
0.88801, 36282112,
0.88901, 36364152,
0.89001, 36446192,
0.89101, 36528232,
0.89201, 36610272,
0.89301, 36692312,
0.89401, 36774352,
0.89501, 36856392,
0.89601, 36938432,
0.89701, 37021496,
0.89801, 37104560,
0.89901, 37187624,
0.90001, 37270688,
0.90101, 37353752,
0.90201, 37436816,
0.90301, 37519880,
0.90401, 37602944,
0.90501, 37686008,
0.90601, 37769072,
0.90701, 37852136,
0.90801, 37935200,
0.90901, 38018264,
0.91001, 38101328,
0.91101, 38184392,
0.91201, 38267456,
0.91301, 38350520,
0.91401, 38433584,
0.91501, 38516648,
0.91601, 38599712,
0.91701, 38682776,
0.91801, 38765840,
0.91901, 38848904,
0.92001, 38931968,
0.92101, 39015032,
0.92201, 39098096,
0.92301, 39181160,
0.92401, 39264224,
0.92501, 39347288,
0.92601, 39430352,
0.92701, 39513416,
0.92801, 39596480,
0.92901, 39679544,
0.93001, 39762608,
0.93101, 39846696,
0.93201, 39930784,
0.93301, 40014872,
0.93401, 40098960,
0.93501, 40183048,
0.93601, 40267136,
0.93701, 40351224,
0.93801, 40435312,
0.93901, 40519400,
0.94001, 40603488,
0.94101, 40687576,
0.94201, 40771664,
0.94301, 40855752,
0.94401, 40939840,
0.94501, 41023928,
0.94601, 41108016,
0.94701, 41192104,
0.94801, 41276192,
0.94901, 41361304,
0.95001, 41446416,
0.95101, 41531528,
0.95201, 41616640,
0.95301, 41701752,
0.95401, 41786864,
0.95501, 41871976,
0.95601, 41957088,
0.95701, 42043224,
0.95801, 42129360,
0.95901, 42215496,
0.96001, 42301632,
0.96101, 42387768,
0.96201, 42473904,
0.96301, 42560040,
0.96401, 42646176,
0.96501, 42732312,
0.96601, 42819472,
0.96701, 42906632,
0.96801, 42993792,
0.96901, 43080952,
0.97001, 43168112,
0.97101, 43255272,
0.97201, 43342432,
0.97301, 43429592,
0.97401, 43517776,
0.97501, 43605960,
0.97601, 43694144,
0.97701, 43782328,
0.97801, 43870512,
0.97901, 43958696,
0.98001, 44046880,
0.98101, 44135064,
0.98201, 44223248,
0.98301, 44311432,
0.98401, 44399616,
0.98501, 44487800,
0.98601, 44575984,
0.98701, 44664168,
0.98801, 44752352,
0.98901, 44840536,
0.99001, 44928720,
0.99101, 45016904,
0.99201, 45105088,
0.99301, 45193272,
0.99401, 45281456,
0.99501, 45369640,
0.99601, 45457824,
0.99701, 45547032,
0.99801, 45636240,
0.99901, 45725448,
1.00001, 45814656,
1.00101, 45903864,
1.00201, 45993072,
1.00301, 46082280,
1.00401, 46171488,
1.00501, 46261720,
1.00601, 46351952,
1.00701, 46442184,
1.00801, 46532416,
1.00901, 46622648,
1.01001, 46712880,
1.01101, 46803112,
1.01201, 46893344,
1.01301, 46983576,
1.01401, 47074832,
1.01501, 47166088,
1.01601, 47257344,
1.01701, 47348600,
1.01801, 47439856,
1.01901, 47531112,
1.02001, 47622368,
1.02101, 47713624,
1.02201, 47805904,
1.02301, 47898184,
1.02401, 47990464,
1.02501, 48082744,
1.02601, 48175024,
1.02701, 48267304,
1.02801, 48359584,
1.02901, 48451864,
1.03001, 48544144,
1.03101, 48637448,
1.03201, 48730752,
1.03301, 48824056,
1.03401, 48917360,
1.03501, 49010664,
1.03601, 49103968,
1.03701, 49197272,
1.03801, 49290576,
1.03901, 49384904,
1.04001, 49479232,
1.04101, 49573560,
1.04201, 49667888,
1.04301, 49762216,
1.04401, 49856544,
1.04501, 49950872,
1.04601, 50045200,
1.04701, 50139528,
1.04801, 50233856,
1.04901, 50328184,
1.05001, 50422512,
1.05101, 50516840,
1.05201, 50612192,
1.05301, 50707544,
1.05401, 50802896,
1.05501, 50898248,
1.05601, 50993600,
1.05701, 51088952,
1.05801, 51184304,
1.05901, 51279656,
1.06001, 51375008,
1.06101, 51470360,
1.06201, 51565712,
1.06301, 51661064,
1.06401, 51756416,
1.06501, 51852792,
1.06601, 51949168,
1.06701, 52045544,
1.06801, 52141920,
1.06901, 52238296,
1.07001, 52334672,
1.07101, 52431048,
1.07201, 52527424,
1.07301, 52623800,
1.07401, 52721200,
1.07501, 52818600,
1.07601, 52916000,
1.07701, 53013400,
1.07801, 53110800,
1.07901, 53208200,
1.08001, 53305600,
1.08101, 53403000,
1.08201, 53501424,
1.08301, 53599848,
1.08401, 53698272,
1.08501, 53796696,
1.08601, 53895120,
1.08701, 53993544,
1.08801, 54091968,
1.08901, 54190392,
1.09001, 54288816,
1.09101, 54388264,
1.09201, 54487712,
1.09301, 54587160,
1.09401, 54686608,
1.09501, 54786056,
1.09601, 54885504,
1.09701, 54984952,
1.09801, 55084400,
1.09901, 55184872,
1.10001, 55285344,
1.10101, 55385816,
1.10201, 55486288,
1.10301, 55586760,
1.10401, 55687232,
1.10501, 55787704,
1.10601, 55888176,
1.10701, 55988648,
1.10801, 56090144,
1.10901, 56191640,
1.11001, 56293136,
1.11101, 56394632,
1.11201, 56496128,
1.11301, 56597624,
1.11401, 56699120,
1.11501, 56800616,
1.11601, 56903136,
1.11701, 57005656,
1.11801, 57108176,
1.11901, 57210696,
1.12001, 57313216,
1.12101, 57415736,
1.12201, 57518256,
1.12301, 57620776,
1.12401, 57723296,
1.12501, 57825816,
1.12601, 57928336,
1.12701, 58030856,
1.12801, 58133376,
1.12901, 58235896,
1.13001, 58338416,
1.13101, 58440936,
1.13201, 58543456,
1.13301, 58645976,
1.13401, 58748496,
1.13501, 58851016,
1.13601, 58953536,
1.13701, 59056056,
1.13801, 59158576,
1.13901, 59262120,
1.14001, 59365664,
1.14101, 59469208,
1.14201, 59572752,
1.14301, 59676296,
1.14401, 59779840,
1.14501, 59883384,
1.14601, 59986928,
1.14701, 60091496,
1.14801, 60196064,
1.14901, 60300632,
1.15001, 60405200,
1.15101, 60509768,
1.15201, 60614336,
1.15301, 60718904,
1.15401, 60823472,
1.15501, 60929064,
1.15601, 61034656,
1.15701, 61140248,
1.15801, 61245840,
1.15901, 61351432,
1.16001, 61457024,
1.16101, 61562616,
1.16201, 61668208,
1.16301, 61773800,
1.16401, 61880416,
1.16501, 61987032,
1.16601, 62093648,
1.16701, 62200264,
1.16801, 62306880,
1.16901, 62413496,
1.17001, 62520112,
1.17101, 62626728,
1.17201, 62734368,
1.17301, 62842008,
1.17401, 62949648,
1.17501, 63057288,
1.17601, 63164928,
1.17701, 63272568,
1.17801, 63380208,
1.17901, 63487848,
1.18001, 63595488,
1.18101, 63704152,
1.18201, 63812816,
1.18301, 63921480,
1.18401, 64030144,
1.18501, 64138808,
1.18601, 64247472,
1.18701, 64356136,
1.18801, 64464800,
1.18901, 64574488,
1.19001, 64684176,
1.19101, 64793864,
1.19201, 64903552,
1.19301, 65013240,
1.19401, 65122928,
1.19501, 65232616,
1.19601, 65342304,
1.19701, 65451992,
1.19801, 65561680,
1.19901, 65671368,
1.20001, 65781056,
1.20101, 65890744,
1.20201, 66000432,
1.20301, 66110120,
1.20401, 66219808,
1.20501, 66329496,
1.20601, 66439184,
1.20701, 66549896,
1.20801, 66660608,
1.20901, 66771320,
1.21001, 66882032,
1.21101, 66992744,
1.21201, 67103456,
1.21301, 67214168,
1.21401, 67324880,
1.21501, 67436616,
1.21601, 67548352,
1.21701, 67660088,
1.21801, 67771824,
1.21901, 67883560,
1.22001, 67995296,
1.22101, 68107032,
1.22201, 68218768,
1.22301, 68330504,
1.22401, 68443264,
1.22501, 68556024,
1.22601, 68668784,
1.22701, 68781544,
1.22801, 68894304,
1.22901, 69007064,
1.23001, 69119824,
1.23101, 69232584,
1.23201, 69346368,
1.23301, 69460152,
1.23401, 69573936,
1.23501, 69687720,
1.23601, 69801504,
1.23701, 69915288,
1.23801, 70029072,
1.23901, 70142856,
1.24001, 70256640,
1.24101, 70371448,
1.24201, 70486256,
1.24301, 70601064,
1.24401, 70715872,
1.24501, 70830680,
1.24601, 70945488,
1.24701, 71060296,
1.24801, 71175104,
1.24901, 71290936,
1.25001, 71406768,
1.25101, 71522600,
1.25201, 71638432,
1.25301, 71754264,
1.25401, 71870096,
1.25501, 71985928,
1.25601, 72101760,
1.25701, 72217592,
1.25801, 72334448,
1.25901, 72451304,
1.26001, 72568160,
1.26101, 72685016,
1.26201, 72801872,
1.26301, 72918728,
1.26401, 73035584,
1.26501, 73152440,
1.26601, 73270320,
1.26701, 73388200,
1.26801, 73506080,
1.26901, 73623960,
1.27001, 73741840,
1.27101, 73859720,
1.27201, 73977600,
1.27301, 74095480,
1.27401, 74213360,
1.27501, 74331240,
1.27601, 74449120,
1.27701, 74567000,
1.27801, 74684880,
1.27901, 74802760,
1.28001, 74920640,
1.28101, 75038520,
1.28201, 75156400,
1.28301, 75274280,
1.28401, 75392160,
1.28501, 75510040,
1.28601, 75627920,
1.28701, 75745800,
1.28801, 75863680,
1.28901, 75982584,
1.29001, 76101488,
1.29101, 76220392,
1.29201, 76339296,
1.29301, 76458200,
1.29401, 76577104,
1.29501, 76696008,
1.29601, 76814912,
1.29701, 76934840,
1.29801, 77054768,
1.29901, 77174696,
1.30001, 77294624,
1.30101, 77414552,
1.30201, 77534480,
1.30301, 77654408,
1.30401, 77774336,
1.30501, 77894264,
1.30601, 78015216,
1.30701, 78136168,
1.30801, 78257120,
1.30901, 78378072,
1.31001, 78499024,
1.31101, 78619976,
1.31201, 78740928,
1.31301, 78861880,
1.31401, 78983856,
1.31501, 79105832,
1.31601, 79227808,
1.31701, 79349784,
1.31801, 79471760,
1.31901, 79593736,
1.32001, 79715712,
1.32101, 79837688,
1.32201, 79960688,
1.32301, 80083688,
1.32401, 80206688,
1.32501, 80329688,
1.32601, 80452688,
1.32701, 80575688,
1.32801, 80698688,
1.32901, 80821688,
1.33001, 80944688,
1.33101, 81068712,
1.33201, 81192736,
1.33301, 81316760,
1.33401, 81440784,
1.33501, 81564808,
1.33601, 81688832,
1.33701, 81812856,
1.33801, 81936880,
1.33901, 82060904,
1.34001, 82184928,
1.34101, 82308952,
1.34201, 82432976,
1.34301, 82557000,
1.34401, 82681024,
1.34501, 82805048,
1.34601, 82929072,
1.34701, 83053096,
1.34801, 83177120,
1.34901, 83302168,
1.35001, 83427216,
1.35101, 83552264,
1.35201, 83677312,
1.35301, 83802360,
1.35401, 83927408,
1.35501, 84052456,
1.35601, 84177504,
1.35701, 84303576,
1.35801, 84429648,
1.35901, 84555720,
1.36001, 84681792,
1.36101, 84807864,
1.36201, 84933936,
1.36301, 85060008,
1.36401, 85186080,
1.36501, 85312152,
1.36601, 85439248,
1.36701, 85566344,
1.36801, 85693440,
1.36901, 85820536,
1.37001, 85947632,
1.37101, 86074728,
1.37201, 86201824,
1.37301, 86328920,
1.37401, 86457040,
1.37501, 86585160,
1.37601, 86713280,
1.37701, 86841400,
1.37801, 86969520,
1.37901, 87097640,
1.38001, 87225760,
1.38101, 87353880,
1.38201, 87483024,
1.38301, 87612168,
1.38401, 87741312,
1.38501, 87870456,
1.38601, 87999600,
1.38701, 88128744,
1.38801, 88257888,
1.38901, 88387032,
1.39001, 88516176,
1.39101, 88646344,
1.39201, 88776512,
1.39301, 88906680,
1.39401, 89036848,
1.39501, 89167016,
1.39601, 89297184,
1.39701, 89427352,
1.39801, 89557520,
1.39901, 89688712,
1.40001, 89819904,
1.40101, 89951096,
1.40201, 90082288,
1.40301, 90213480,
1.40401, 90344672,
1.40501, 90475864,
1.40601, 90607056,
1.40701, 90738248,
1.40801, 90870464,
1.40901, 91002680,
1.41001, 91134896,
1.41101, 91267112,
1.41201, 91399328,
1.41301, 91531544,
1.41401, 91663760,
1.41501, 91795976,
1.41601, 91928192,
1.41701, 92060408,
1.41801, 92192624,
1.41901, 92324840,
1.42001, 92457056,
1.42101, 92589272,
1.42201, 92721488,
1.42301, 92853704,
1.42401, 92985920,
1.42501, 93118136,
1.42601, 93250352,
1.42701, 93382568,
1.42801, 93514784,
1.42901, 93647000,
1.43001, 93780240,
1.43101, 93913480,
1.43201, 94046720,
1.43301, 94179960,
1.43401, 94313200,
1.43501, 94446440,
1.43601, 94579680,
1.43701, 94712920,
1.43801, 94846160,
1.43901, 94980424,
1.44001, 95114688,
1.44101, 95248952,
1.44201, 95383216,
1.44301, 95517480,
1.44401, 95651744,
1.44501, 95786008,
1.44601, 95920272,
1.44701, 96055560,
1.44801, 96190848,
1.44901, 96326136,
1.45001, 96461424,
1.45101, 96596712,
1.45201, 96732000,
1.45301, 96867288,
1.45401, 97002576,
1.45501, 97137864,
1.45601, 97274176,
1.45701, 97410488,
1.45801, 97546800,
1.45901, 97683112,
1.46001, 97819424,
1.46101, 97955736,
1.46201, 98092048,
1.46301, 98228360,
1.46401, 98364672,
1.46501, 98500984,
1.46601, 98637296,
1.46701, 98773608,
1.46801, 98909920,
1.46901, 99046232,
1.47001, 99182544,
1.47101, 99318856,
1.47201, 99455168,
1.47301, 99592504,
1.47401, 99729840,
1.47501, 99867176,
1.47601, 100004512,
1.47701, 100141848,
1.47801, 100279184,
1.47901, 100416520,
1.48001, 100553856,
1.48101, 100691192,
1.48201, 100829552,
1.48301, 100967912,
1.48401, 101106272,
1.48501, 101244632,
1.48601, 101382992,
1.48701, 101521352,
1.48801, 101659712,
1.48901, 101798072,
1.49001, 101937456,
1.49101, 102076840,
1.49201, 102216224,
1.49301, 102355608,
1.49401, 102494992,
1.49501, 102634376,
1.49601, 102773760,
1.49701, 102913144,
1.49801, 103052528,
1.49901, 103192936,
1.50001, 103333344,
1.50101, 103473752,
1.50201, 103614160,
1.50301, 103754568,
1.50401, 103894976,
1.50501, 104035384,
1.50601, 104175792,
1.50701, 104317224,
1.50801, 104458656,
1.50901, 104600088,
1.51001, 104741520,
1.51101, 104882952,
1.51201, 105024384,
1.51301, 105165816,
1.51401, 105307248,
1.51501, 105448680,
1.51601, 105590112,
1.51701, 105731544,
1.51801, 105872976,
1.51901, 106014408,
1.52001, 106155840,
1.52101, 106302096,
1.52201, 106448352,
1.52301, 106594608,
1.52401, 106740864,
1.52501, 106887120,
1.52601, 107033376,
1.52701, 107179632,
1.52801, 107325888,
1.52901, 107472144,
1.53001, 107619424,
1.53101, 107766704,
1.53201, 107913984,
1.53301, 108061264,
1.53401, 108208544,
1.53501, 108355824,
1.53601, 108503104,
1.53701, 108650384,
1.53801, 108798688,
1.53901, 108946992,
1.54001, 109095296,
1.54101, 109243600,
1.54201, 109391904,
1.54301, 109540208,
1.54401, 109688512,
1.54501, 109836816,
1.54601, 109985120,
1.54701, 110134448,
1.54801, 110283776,
1.54901, 110433104,
1.55001, 110582432,
1.55101, 110731760,
1.55201, 110881088,
1.55301, 111030416,
1.55401, 111179744,
1.55501, 111330096,
1.55601, 111480448,
1.55701, 111630800,
1.55801, 111781152,
1.55901, 111931504,
1.56001, 112081856,
1.56101, 112232208,
1.56201, 112382560,
1.56301, 112532912,
1.56401, 112684288,
1.56501, 112835664,
1.56601, 112987040,
1.56701, 113138416,
1.56801, 113316056,
1.56901, 113493696,
1.57001, 113671336,
1.57101, 113848976,
1.57201, 114026616,
1.57301, 114204792,
1.57401, 114382968,
1.57501, 114561144,
1.57601, 114739320,
1.57701, 114917496,
1.57801, 115095672,
1.57901, 115273848,
1.58001, 115452024,
1.58101, 115631224,
1.58201, 115810424,
1.58301, 115989624,
1.58401, 116168824,
1.58501, 116348024,
1.58601, 116527224,
1.58701, 116706424,
1.58801, 116885624,
1.58901, 117064824,
1.59001, 117245048,
1.59101, 117425272,
1.59201, 117605496,
1.59301, 117785720,
1.59401, 117965944,
1.59501, 118146168,
1.59601, 118326392,
1.59701, 118506616,
1.59801, 118687864,
1.59901, 118869112,
1.60001, 119050360,
1.60101, 119231608,
1.60201, 119412856,
1.60301, 119594640,
1.60401, 119776424,
1.60501, 119958208,
1.60601, 120139992,
1.60701, 120321776,
1.60801, 120503560,
1.60901, 120685344,
1.61001, 120867128,
1.61101, 121049936,
1.61201, 121232744,
1.61301, 121415552,
1.61401, 121598360,
1.61501, 121781168,
1.61601, 121963976,
1.61701, 122146784,
1.61801, 122329592,
1.61901, 122512400,
1.62001, 122696232,
1.62101, 122880064,
1.62201, 123063896,
1.62301, 123247728,
1.62401, 123431560,
1.62501, 123615392,
1.62601, 123799224,
1.62701, 123983056,
1.62801, 124167912,
1.62901, 124352768,
1.63001, 124537624,
1.63101, 124722480,
1.63201, 124907336,
1.63301, 125092192,
1.63401, 125277048,
1.63501, 125461904,
1.63601, 125646760,
1.63701, 125832640,
1.63801, 126018520,
1.63901, 126204400,
1.64001, 126390280,
1.64101, 126576696,
1.64201, 126763112,
1.64301, 126949528,
1.64401, 127135944,
1.64501, 127322360,
1.64601, 127509312,
1.64701, 127696264,
1.64801, 127883216,
1.64901, 128070168,
1.65001, 128257120,
1.65101, 128444608,
1.65201, 128632096,
1.65301, 128819584,
1.65401, 129007072,
1.65501, 129194560,
1.65601, 129382048,
1.65701, 129569536,
1.65801, 129757024,
1.65901, 129945536,
1.66001, 130134048,
1.66101, 130322560,
1.66201, 130511072,
1.66301, 130699584,
1.66401, 130888096,
1.66501, 131076608,
1.66601, 131265120,
1.66701, 131453632,
1.66801, 131643168,
1.66901, 131832704,
1.67001, 132022240,
1.67101, 132211776,
1.67201, 132401312,
1.67301, 132590848,
1.67401, 132780384,
1.67501, 132969920,
1.67601, 133160480,
1.67701, 133351040,
1.67801, 133541600,
1.67901, 133732160,
1.68001, 133922720,
1.68101, 134113816,
1.68201, 134304912,
1.68301, 134496008,
1.68401, 134687104,
1.68501, 134878200,
1.68601, 135069832,
1.68701, 135261464,
1.68801, 135453096,
1.68901, 135644728,
1.69001, 135836896,
1.69101, 136029064,
1.69201, 136221232,
1.69301, 136413400,
1.69401, 136605568,
1.69501, 136797736,
1.69601, 136989904,
1.69701, 137182072,
1.69801, 137374240,
1.69901, 137567432,
1.70001, 137760624,
1.70101, 137953816,
1.70201, 138147008,
1.70301, 138340200,
1.70401, 138533392,
1.70501, 138726584,
1.70601, 138919776,
1.70701, 139113992,
1.70801, 139308208,
1.70901, 139502424,
1.71001, 139696640,
1.71101, 139890856,
1.71201, 140085072,
1.71301, 140279288,
1.71401, 140473504,
1.71501, 140667720,
1.71601, 140862960,
1.71701, 141058200,
1.71801, 141253440,
1.71901, 141448680,
1.72001, 141643920,
1.72101, 141839160,
1.72201, 142034400,
1.72301, 142229640,
1.72401, 142425904,
1.72501, 142622168,
1.72601, 142818432,
1.72701, 143014696,
1.72801, 143210960,
1.72901, 143407760,
1.73001, 143604560,
1.73101, 143801360,
1.73201, 143998160,
1.73301, 144195496,
1.73401, 144392832,
1.73501, 144590168,
1.73601, 144787504,
1.73701, 144984840,
1.73801, 145182176,
1.73901, 145379512,
1.74001, 145576848,
1.74101, 145774184,
1.74201, 145972544,
1.74301, 146170904,
1.74401, 146369264,
1.74501, 146567624,
1.74601, 146765984,
1.74701, 146964344,
1.74801, 147162704,
1.74901, 147361064,
1.75001, 147560448,
1.75101, 147759832,
1.75201, 147959216,
1.75301, 148158600,
1.75401, 148357984,
1.75501, 148557904,
1.75601, 148757824,
1.75701, 148957744,
1.75801, 149157664,
1.75901, 149357584,
1.76001, 149558040,
1.76101, 149758496,
1.76201, 149958952,
1.76301, 150159408,
1.76401, 150359864,
1.76501, 150560856,
1.76601, 150761848,
1.76701, 150962840,
1.76801, 151163832,
1.76901, 151364824,
1.77001, 151565816,
1.77101, 151766808,
1.77201, 151967800,
1.77301, 152169816,
1.77401, 152371832,
1.77501, 152573848,
1.77601, 152775864,
1.77701, 152977880,
1.77801, 153179896,
1.77901, 153381912,
1.78001, 153583928,
1.78101, 153786968,
1.78201, 153990008,
1.78301, 154193048,
1.78401, 154396088,
1.78501, 154599128,
1.78601, 154802704,
1.78701, 155006280,
1.78801, 155209856,
1.78901, 155413432,
1.79001, 155617008,
1.79101, 155821120,
1.79201, 156025232,
1.79301, 156229344,
1.79401, 156433456,
1.79501, 156637568,
1.79601, 156841680,
1.79701, 157045792,
1.79801, 157249904,
1.79901, 157455040,
