0.00101, 0,
0.00201, 0,
0.00301, 0,
0.00401, 0,
0.00501, 0,
0.00601, 0,
0.00701, 0,
0.00801, 0,
0.00901, 0,
0.01001, 0,
0.01101, 0,
0.01201, 0,
0.01301, 0,
0.01401, 0,
0.01501, 0,
0.01601, 0,
0.01701, 0,
0.01801, 0,
0.01901, 0,
0.02001, 0,
0.02101, 0,
0.02201, 0,
0.02301, 0,
0.02401, 0,
0.02501, 0,
0.02601, 0,
0.02701, 0,
0.02801, 0,
0.02901, 0,
0.03001, 0,
0.03101, 0,
0.03201, 0,
0.03301, 0,
0.03401, 0,
0.03501, 0,
0.03601, 0,
0.03701, 536,
0.03801, 1072,
0.03901, 1608,
0.04001, 2144,
0.04101, 3216,
0.04201, 4288,
0.04301, 5360,
0.04401, 6432,
0.04501, 7504,
0.04601, 9112,
0.04701, 10720,
0.04801, 12328,
0.04901, 13936,
0.05001, 15544,
0.05101, 17688,
0.05201, 19832,
0.05301, 21976,
0.05401, 24120,
0.05501, 26800,
0.05601, 29480,
0.05701, 32160,
0.05801, 34840,
0.05901, 37520,
0.06001, 40736,
0.06101, 43952,
0.06201, 47168,
0.06301, 50384,
0.06401, 53600,
0.06501, 57352,
0.06601, 61104,
0.06701, 64856,
0.06801, 68608,
0.06901, 72360,
0.07001, 76648,
0.07101, 80936,
0.07201, 85224,
0.07301, 89512,
0.07401, 94336,
0.07501, 99160,
0.07601, 103984,
0.07701, 108808,
0.07801, 113632,
0.07901, 118992,
0.08001, 124352,
0.08101, 129712,
0.08201, 135072,
0.08301, 140432,
0.08401, 146328,
0.08501, 152224,
0.08601, 158120,
0.08701, 164016,
0.08801, 170448,
0.08901, 176880,
0.09001, 183312,
0.09101, 189744,
0.09201, 196176,
0.09301, 203144,
0.09401, 210112,
0.09501, 217080,
0.09601, 224048,
0.09701, 231016,
0.09801, 238520,
0.09901, 246024,
0.10001, 253528,
0.10101, 261032,
0.10201, 268536,
0.10301, 276576,
0.10401, 284616,
0.10501, 292656,
0.10601, 300696,
0.10701, 309272,
0.10801, 317848,
0.10901, 326424,
0.11001, 335000,
0.11101, 343576,
0.11201, 352688,
0.11301, 361800,
0.11401, 370912,
0.11501, 380024,
0.11601, 389136,
0.11701, 398784,
0.11801, 408432,
0.11901, 418080,
0.12001, 427728,
0.12101, 437376,
0.12201, 447560,
0.12301, 457744,
0.12401, 467928,
0.12501, 478112,
0.12601, 488832,
0.12701, 499552,
0.12801, 510272,
0.12901, 520992,
0.13001, 531712,
0.13101, 542968,
0.13201, 554224,
0.13301, 565480,
0.13401, 576736,
0.13501, 587992,
0.13601, 599784,
0.13701, 611576,
0.13801, 623368,
0.13901, 635160,
0.14001, 647488,
0.14101, 659816,
0.14201, 672144,
0.14301, 684472,
0.14401, 696800,
0.14501, 709664,
0.14601, 722528,
0.14701, 735392,
0.14801, 748256,
0.14901, 761120,
0.15001, 773984,
0.15101, 786848,
0.15201, 799712,
0.15301, 812576,
0.15401, 825440,
0.15501, 838304,
0.15601, 851168,
0.15701, 864032,
0.15801, 876896,
0.15901, 889760,
0.16001, 902624,
0.16101, 915488,
0.16201, 928352,
0.16301, 941216,
0.16401, 954080,
0.16501, 966944,
0.16601, 979808,
0.16701, 992672,
0.16801, 1005536,
0.16901, 1018400,
0.17001, 1031264,
0.17101, 1044128,
0.17201, 1056992,
0.17301, 1069856,
0.17401, 1082720,
0.17501, 1095584,
0.17601, 1108448,
0.17701, 1121312,
0.17801, 1134176,
0.17901, 1147040,
0.18001, 1159904,
0.18101, 1172768,
0.18201, 1185632,
0.18301, 1198496,
0.18401, 1211360,
0.18501, 1224224,
0.18601, 1237088,
0.18701, 1249952,
0.18801, 1262816,
0.18901, 1275680,
0.19001, 1288544,
0.19101, 1301408,
0.19201, 1314272,
0.19301, 1327136,
0.19401, 1340000,
0.19501, 1352864,
0.19601, 1365728,
0.19701, 1378592,
0.19801, 1391456,
0.19901, 1404320,
0.20001, 1417184,
0.20101, 1430048,
0.20201, 1442912,
0.20301, 1455776,
0.20401, 1468640,
0.20501, 1481504,
0.20601, 1494368,
0.20701, 1507232,
0.20801, 1520096,
0.20901, 1532960,
0.21001, 1545824,
0.21101, 1558688,
0.21201, 1571552,
0.21301, 1584416,
0.21401, 1597280,
0.21501, 1610144,
0.21601, 1623008,
0.21701, 1635872,
0.21801, 1648736,
0.21901, 1661600,
0.22001, 1674464,
0.22101, 1687328,
0.22201, 1700192,
0.22301, 1713056,
0.22401, 1725920,
0.22501, 1738784,
0.22601, 1751648,
0.22701, 1764512,
0.22801, 1777376,
0.22901, 1790240,
0.23001, 1803104,
0.23101, 1815968,
0.23201, 1828832,
0.23301, 1841696,
0.23401, 1854560,
0.23501, 1867424,
0.23601, 1880288,
0.23701, 1893152,
0.23801, 1906016,
0.23901, 1918880,
0.24001, 1931744,
0.24101, 1944608,
0.24201, 1957472,
0.24301, 1970336,
0.24401, 1983200,
0.24501, 1996064,
0.24601, 2008928,
0.24701, 2021792,
0.24801, 2034656,
0.24901, 2047520,
0.25001, 2060384,
0.25101, 2073248,
0.25201, 2086112,
0.25301, 2100000,
0.25401, 2113888,
0.25501, 2127776,
0.25601, 2141664,
0.25701, 2155552,
0.25801, 2169440,
0.25901, 2183328,
0.26001, 2197216,
0.26101, 2211104,
0.26201, 2236784,
0.26301, 2262464,
0.26401, 2288144,
0.26501, 2313824,
0.26601, 2339504,
0.26701, 2365184,
0.26801, 2390864,
0.26901, 2416544,
0.27001, 2442224,
0.27101, 2467904,
0.27201, 2493584,
0.27301, 2519264,
0.27401, 2544944,
0.27501, 2570624,
0.27601, 2596304,
0.27701, 2621984,
0.27801, 2647664,
0.27901, 2673344,
0.28001, 2700048,
0.28101, 2726752,
0.28201, 2753456,
0.28301, 2780160,
0.28401, 2806864,
0.28501, 2833568,
0.28601, 2860272,
0.28701, 2886976,
0.28801, 2913680,
0.28901, 2940384,
0.29001, 2967088,
0.29101, 2993792,
0.29201, 3020496,
0.29301, 3047200,
0.29401, 3073904,
0.29501, 3100608,
0.29601, 3127312,
0.29701, 3154016,
0.29801, 3180720,
0.29901, 3207424,
0.30001, 3234128,
0.30101, 3260832,
0.30201, 3287536,
0.30301, 3314240,
0.30401, 3340944,
0.30501, 3367648,
0.30601, 3394352,
0.30701, 3422080,
0.30801, 3449808,
0.30901, 3477536,
0.31001, 3505264,
0.31101, 3532992,
0.31201, 3560720,
0.31301, 3588448,
0.31401, 3616176,
0.31501, 3643904,
0.31601, 3671632,
0.31701, 3699360,
0.31801, 3727088,
0.31901, 3754816,
0.32001, 3782544,
0.32101, 3810272,
0.32201, 3838000,
0.32301, 3865728,
0.32401, 3893456,
0.32501, 3921184,
0.32601, 3953200,
0.32701, 3985216,
0.32801, 4017232,
0.32901, 4049248,
0.33001, 4081264,
0.33101, 4113280,
0.33201, 4145296,
0.33301, 4177312,
0.33401, 4209328,
0.33501, 4242368,
0.33601, 4275408,
0.33701, 4308448,
0.33801, 4341488,
0.33901, 4374528,
0.34001, 4407568,
0.34101, 4440608,
0.34201, 4473648,
0.34301, 4506688,
0.34401, 4539728,
0.34501, 4572768,
0.34601, 4605808,
0.34701, 4638848,
0.34801, 4671888,
0.34901, 4704928,
0.35001, 4737968,
0.35101, 4771008,
0.35201, 4804048,
0.35301, 4837088,
0.35401, 4870128,
0.35501, 4903168,
0.35601, 4936208,
0.35701, 4969248,
0.35801, 5002288,
0.35901, 5035328,
0.36001, 5068368,
0.36101, 5101408,
0.36201, 5135472,
0.36301, 5169536,
0.36401, 5203600,
0.36501, 5237664,
0.36601, 5271728,
0.36701, 5305792,
0.36801, 5339856,
0.36901, 5373920,
0.37001, 5407984,
0.37101, 5442048,
0.37201, 5476112,
0.37301, 5510176,
0.37401, 5544240,
0.37501, 5578304,
0.37601, 5612368,
0.37701, 5646432,
0.37801, 5680496,
0.37901, 5714560,
0.38001, 5748624,
0.38101, 5782688,
0.38201, 5816752,
0.38301, 5850816,
0.38401, 5884880,
0.38501, 5918944,
0.38601, 5953008,
0.38701, 5987072,
0.38801, 6021136,
0.38901, 6056224,
0.39001, 6091312,
0.39101, 6126400,
0.39201, 6161488,
0.39301, 6196576,
0.39401, 6233272,
0.39501, 6269968,
0.39601, 6306664,
0.39701, 6343360,
0.39801, 6380056,
0.39901, 6416752,
0.40001, 6453448,
0.40101, 6490144,
0.40201, 6526840,
0.40301, 6563536,
0.40401, 6600232,
0.40501, 6636928,
0.40601, 6673624,
0.40701, 6710320,
0.40801, 6752912,
0.40901, 6795504,
0.41001, 6838096,
0.41101, 6880688,
0.41201, 6923280,
0.41301, 6965872,
0.41401, 7008464,
0.41501, 7051056,
0.41601, 7093648,
0.41701, 7137264,
0.41801, 7180880,
0.41901, 7224496,
0.42001, 7268112,
0.42101, 7312264,
0.42201, 7356416,
0.42301, 7400568,
0.42401, 7444720,
0.42501, 7488872,
0.42601, 7533560,
0.42701, 7578248,
0.42801, 7622936,
0.42901, 7667624,
0.43001, 7712312,
0.43101, 7757536,
0.43201, 7802760,
0.43301, 7847984,
0.43401, 7893208,
0.43501, 7938968,
0.43601, 7984728,
0.43701, 8030488,
0.43801, 8076248,
0.43901, 8122008,
0.44001, 8167768,
0.44101, 8213528,
0.44201, 8259288,
0.44301, 8305048,
0.44401, 8351832,
0.44501, 8398616,
0.44601, 8445400,
0.44701, 8492184,
0.44801, 8538968,
0.44901, 8585752,
0.45001, 8632536,
0.45101, 8679320,
0.45201, 8727128,
0.45301, 8774936,
0.45401, 8822744,
0.45501, 8870552,
0.45601, 8918360,
0.45701, 8966704,
0.45801, 9015048,
0.45901, 9063392,
0.46001, 9111736,
0.46101, 9160080,
0.46201, 9208960,
0.46301, 9257840,
0.46401, 9306720,
0.46501, 9355600,
0.46601, 9405016,
0.46701, 9454432,
0.46801, 9503848,
0.46901, 9553264,
0.47001, 9602680,
0.47101, 9652096,
0.47201, 9701512,
0.47301, 9750928,
0.47401, 9800344,
0.47501, 9850784,
0.47601, 9901224,
0.47701, 9951664,
0.47801, 10002104,
0.47901, 10052544,
0.48001, 10102984,
0.48101, 10153424,
0.48201, 10203864,
0.48301, 10255328,
0.48401, 10306792,
0.48501, 10358256,
0.48601, 10409720,
0.48701, 10461184,
0.48801, 10513184,
0.48901, 10565184,
0.49001, 10617184,
0.49101, 10669184,
0.49201, 10721184,
0.49301, 10773720,
0.49401, 10826256,
0.49501, 10878792,
0.49601, 10931328,
0.49701, 10984400,
0.49801, 11037472,
0.49901, 11090544,
0.50001, 11143616,
0.50101, 11196688,
0.50201, 11249760,
0.50301, 11302832,
0.50401, 11355904,
0.50501, 11408976,
0.50601, 11463072,
0.50701, 11517168,
0.50801, 11571264,
0.50901, 11625360,
0.51001, 11679456,
0.51101, 11733552,
0.51201, 11787648,
0.51301, 11841744,
0.51401, 11896864,
0.51501, 11951984,
0.51601, 12007104,
0.51701, 12062224,
0.51801, 12117344,
0.51901, 12173000,
0.52001, 12228656,
0.52101, 12284312,
0.52201, 12339968,
0.52301, 12395624,
0.52401, 12451816,
0.52501, 12508008,
0.52601, 12564200,
0.52701, 12620392,
0.52801, 12676584,
0.52901, 12733312,
0.53001, 12790040,
0.53101, 12846768,
0.53201, 12903496,
0.53301, 12960224,
0.53401, 13016952,
0.53501, 13073680,
0.53601, 13130408,
0.53701, 13188160,
0.53801, 13245912,
0.53901, 13303664,
0.54001, 13361416,
0.54101, 13419168,
0.54201, 13476920,
0.54301, 13534672,
0.54401, 13592424,
0.54501, 13651200,
0.54601, 13709976,
0.54701, 13768752,
0.54801, 13827528,
0.54901, 13886304,
0.55001, 13945616,
0.55101, 14004928,
0.55201, 14064240,
0.55301, 14123552,
0.55401, 14182864,
0.55501, 14242712,
0.55601, 14302560,
0.55701, 14362408,
0.55801, 14422256,
0.55901, 14482104,
0.56001, 14542488,
0.56101, 14602872,
0.56201, 14663256,
0.56301, 14723640,
0.56401, 14784024,
0.56501, 14844408,
0.56601, 14904792,
0.56701, 14965176,
0.56801, 15026584,
0.56901, 15087992,
0.57001, 15149400,
0.57101, 15210808,
0.57201, 15272216,
0.57301, 15333624,
0.57401, 15395032,
0.57501, 15456440,
0.57601, 15518872,
0.57701, 15581304,
0.57801, 15643736,
0.57901, 15706168,
0.58001, 15768600,
0.58101, 15831568,
0.58201, 15894536,
0.58301, 15957504,
0.58401, 16020472,
0.58501, 16083440,
0.58601, 16146944,
0.58701, 16210448,
0.58801, 16273952,
0.58901, 16337456,
0.59001, 16400960,
0.59101, 16464464,
0.59201, 16527968,
0.59301, 16591472,
0.59401, 16656000,
0.59501, 16720528,
0.59601, 16785056,
0.59701, 16849584,
0.59801, 16914112,
0.59901, 16978640,
0.60001, 17043168,
0.60101, 17107696,
0.60201, 17172224,
0.60301, 17237776,
0.60401, 17303328,
0.60501, 17368880,
0.60601, 17434432,
0.60701, 17500520,
0.60801, 17566608,
0.60901, 17632696,
0.61001, 17698784,
0.61101, 17764872,
0.61201, 17831496,
0.61301, 17898120,
0.61401, 17964744,
0.61501, 18031368,
0.61601, 18097992,
0.61701, 18165152,
0.61801, 18232312,
0.61901, 18299472,
0.62001, 18366632,
0.62101, 18433792,
0.62201, 18500952,
0.62301, 18568112,
0.62401, 18635272,
0.62501, 18703456,
0.62601, 18771640,
0.62701, 18839824,
0.62801, 18908008,
0.62901, 18976192,
0.63001, 19044376,
0.63101, 19112560,
0.63201, 19180744,
0.63301, 19248928,
0.63401, 19318136,
0.63501, 19387344,
0.63601, 19456552,
0.63701, 19525760,
0.63801, 19594968,
0.63901, 19664176,
0.64001, 19733384,
0.64101, 19802592,
0.64201, 19872824,
0.64301, 19943056,
0.64401, 20013288,
0.64501, 20083520,
0.64601, 20153752,
0.64701, 20223984,
0.64801, 20294216,
0.64901, 20364448,
0.65001, 20434680,
0.65101, 20505936,
0.65201, 20577192,
0.65301, 20648448,
0.65401, 20719704,
0.65501, 20790960,
0.65601, 20862216,
0.65701, 20933472,
0.65801, 21004728,
0.65901, 21077008,
0.66001, 21149288,
0.66101, 21221568,
0.66201, 21293848,
0.66301, 21366128,
0.66401, 21438944,
0.66501, 21511760,
0.66601, 21584576,
0.66701, 21657392,
0.66801, 21730744,
0.66901, 21804096,
0.67001, 21877448,
0.67101, 21950800,
0.67201, 22024152,
0.67301, 22097504,
0.67401, 22170856,
0.67501, 22244208,
0.67601, 22317560,
0.67701, 22391936,
0.67801, 22466312,
0.67901, 22540688,
0.68001, 22615064,
0.68101, 22689440,
0.68201, 22763816,
0.68301, 22838192,
0.68401, 22912568,
0.68501, 22987968,
0.68601, 23063368,
0.68701, 23138768,
0.68801, 23214168,
0.68901, 23289568,
0.69001, 23364968,
0.69101, 23440368,
0.69201, 23515768,
0.69301, 23591168,
0.69401, 23667592,
0.69501, 23744016,
0.69601, 23820440,
0.69701, 23896864,
0.69801, 23973824,
0.69901, 24050784,
0.70001, 24127744,
0.70101, 24204704,
0.70201, 24281664,
0.70301, 24359160,
0.70401, 24436656,
0.70501, 24514152,
0.70601, 24591648,
0.70701, 24669144,
0.70801, 24747176,
0.70901, 24825208,
0.71001, 24903240,
0.71101, 24981272,
0.71201, 25059304,
0.71301, 25137336,
0.71401, 25215368,
0.71501, 25293400,
0.71601, 25371432,
0.71701, 25449464,
0.71801, 25527496,
0.71901, 25605528,
0.72001, 25683560,
0.72101, 25761592,
0.72201, 25839624,
0.72301, 25917656,
0.72401, 25995688,
0.72501, 26074744,
0.72601, 26153800,
0.72701, 26232856,
0.72801, 26311912,
0.72901, 26390968,
0.73001, 26470024,
0.73101, 26549080,
0.73201, 26628136,
0.73301, 26708216,
0.73401, 26788296,
0.73501, 26868376,
0.73601, 26948456,
0.73701, 27028536,
0.73801, 27108616,
0.73901, 27188696,
0.74001, 27268776,
0.74101, 27348856,
0.74201, 27429960,
0.74301, 27511064,
0.74401, 27592168,
0.74501, 27673272,
0.74601, 27754912,
0.74701, 27836552,
0.74801, 27918192,
0.74901, 27999832,
0.75001, 28081472,
0.75101, 28163648,
0.75201, 28245824,
0.75301, 28328000,
0.75401, 28410176,
0.75501, 28492352,
0.75601, 28574528,
0.75701, 28656704,
0.75801, 28738880,
0.75901, 28821056,
0.76001, 28904256,
0.76101, 28987456,
0.76201, 29070656,
0.76301, 29153856,
0.76401, 29237056,
0.76501, 29320256,
0.76601, 29403456,
0.76701, 29486656,
0.76801, 29570880,
0.76901, 29655104,
0.77001, 29739328,
0.77101, 29823552,
0.77201, 29907776,
0.77301, 29992000,
0.77401, 30076224,
0.77501, 30160448,
0.77601, 30245696,
0.77701, 30330944,
0.77801, 30416192,
0.77901, 30501440,
0.78001, 30586688,
0.78101, 30671936,
0.78201, 30757184,
0.78301, 30842432,
0.78401, 30927680,
0.78501, 31013952,
0.78601, 31100224,
0.78701, 31186496,
0.78801, 31272768,
0.78901, 31359040,
0.79001, 31445312,
0.79101, 31531584,
0.79201, 31617856,
0.79301, 31705152,
0.79401, 31792448,
0.79501, 31879744,
0.79601, 31967040,
0.79701, 32054336,
0.79801, 32142168,
0.79901, 32230000,
0.80001, 32317832,
0.80101, 32405664,
0.80201, 32493496,
0.80301, 32581864,
0.80401, 32670232,
0.80501, 32758600,
0.80601, 32846968,
0.80701, 32935872,
0.80801, 33024776,
0.80901, 33113680,
0.81001, 33202584,
0.81101, 33291488,
0.81201, 33380392,
0.81301, 33469296,
0.81401, 33558200,
0.81501, 33647104,
0.81601, 33737032,
0.81701, 33826960,
0.81801, 33916888,
0.81901, 34006816,
0.82001, 34096744,
0.82101, 34186672,
0.82201, 34276600,
0.82301, 34366528,
0.82401, 34457480,
0.82501, 34548432,
0.82601, 34639384,
0.82701, 34730336,
0.82801, 34821288,
0.82901, 34912240,
0.83001, 35003192,
0.83101, 35094144,
0.83201, 35185096,
0.83301, 35277072,
0.83401, 35369048,
0.83501, 35461024,
0.83601, 35553000,
0.83701, 35645512,
0.83801, 35738024,
0.83901, 35830536,
0.84001, 35923048,
0.84101, 36015560,
0.84201, 36108608,
0.84301, 36201656,
0.84401, 36294704,
0.84501, 36387752,
0.84601, 36480800,
0.84701, 36573848,
0.84801, 36666896,
0.84901, 36759944,
0.85001, 36852992,
0.85101, 36947064,
0.85201, 37041136,
0.85301, 37135208,
0.85401, 37229280,
0.85501, 37323352,
0.85601, 37417424,
0.85701, 37511496,
0.85801, 37605568,
0.85901, 37700664,
0.86001, 37795760,
0.86101, 37890856,
0.86201, 37985952,
0.86301, 38081048,
0.86401, 38176144,
0.86501, 38271240,
0.86601, 38366336,
0.86701, 38462456,
0.86801, 38558576,
0.86901, 38654696,
0.87001, 38750816,
0.87101, 38846936,
0.87201, 38943056,
0.87301, 39039176,
0.87401, 39135296,
0.87501, 39231416,
0.87601, 39328560,
0.87701, 39425704,
0.87801, 39522848,
0.87901, 39619992,
0.88001, 39717136,
0.88101, 39814280,
0.88201, 39911424,
0.88301, 40008568,
0.88401, 40106736,
0.88501, 40204904,
0.88601, 40303072,
0.88701, 40401240,
0.88801, 40499408,
0.88901, 40597576,
0.89001, 40695744,
0.89101, 40793912,
0.89201, 40892080,
0.89301, 40991272,
0.89401, 41090464,
0.89501, 41189656,
0.89601, 41288848,
0.89701, 41388040,
0.89801, 41487232,
0.89901, 41586424,
0.90001, 41685616,
0.90101, 41785832,
0.90201, 41886048,
0.90301, 41986264,
0.90401, 42086480,
0.90501, 42186696,
0.90601, 42286912,
0.90701, 42387128,
0.90801, 42487344,
0.90901, 42587560,
0.91001, 42687776,
0.91101, 42787992,
0.91201, 42888208,
0.91301, 42988424,
0.91401, 43088640,
0.91501, 43188856,
0.91601, 43289072,
0.91701, 43389288,
0.91801, 43489504,
0.91901, 43589720,
0.92001, 43689936,
0.92101, 43790152,
0.92201, 43890368,
0.92301, 43990584,
0.92401, 44091824,
0.92501, 44193064,
0.92601, 44294304,
0.92701, 44395544,
0.92801, 44496784,
0.92901, 44598024,
0.93001, 44699264,
0.93101, 44800504,
0.93201, 44902768,
0.93301, 45005032,
0.93401, 45107296,
0.93501, 45209560,
0.93601, 45311824,
0.93701, 45414088,
0.93801, 45516352,
0.93901, 45618616,
0.94001, 45720880,
0.94101, 45824168,
0.94201, 45927456,
0.94301, 46030744,
0.94401, 46134032,
0.94501, 46237320,
0.94601, 46340608,
0.94701, 46443896,
0.94801, 46547184,
0.94901, 46651496,
0.95001, 46755808,
0.95101, 46860120,
0.95201, 46964432,
0.95301, 47068744,
0.95401, 47173056,
0.95501, 47277368,
0.95601, 47381680,
0.95701, 47485992,
0.95801, 47590304,
0.95901, 47694616,
0.96001, 47798928,
0.96101, 47903240,
0.96201, 48007552,
0.96301, 48111864,
0.96401, 48216176,
0.96501, 48320488,
0.96601, 48424800,
0.96701, 48530136,
0.96801, 48635472,
0.96901, 48740808,
0.97001, 48846144,
0.97101, 48951480,
0.97201, 49056816,
0.97301, 49162152,
0.97401, 49267488,
0.97501, 49373848,
0.97601, 49480208,
0.97701, 49586568,
0.97801, 49692928,
0.97901, 49799288,
0.98001, 49905648,
0.98101, 50012008,
0.98201, 50118368,
0.98301, 50224728,
0.98401, 50332112,
0.98501, 50439496,
0.98601, 50546880,
0.98701, 50654264,
0.98801, 50761648,
0.98901, 50869032,
0.99001, 50976416,
0.99101, 51083800,
0.99201, 51191184,
0.99301, 51298568,
0.99401, 51405952,
0.99501, 51513336,
0.99601, 51620720,
0.99701, 51728104,
0.99801, 51835488,
0.99901, 51942872,
1.00001, 52050256,
1.00101, 52157640,
1.00201, 52265024,
1.00301, 52372408,
1.00401, 52479792,
1.00501, 52587176,
1.00601, 52695584,
1.00701, 52803992,
1.00801, 52912400,
1.00901, 53020808,
1.01001, 53129216,
1.01101, 53237624,
1.01201, 53346032,
1.01301, 53454440,
1.01401, 53562848,
1.01501, 53672280,
1.01601, 53781712,
1.01701, 53891144,
1.01801, 54000576,
1.01901, 54110008,
1.02001, 54219440,
1.02101, 54328872,
1.02201, 54438304,
1.02301, 54548760,
1.02401, 54659216,
1.02501, 54769672,
1.02601, 54880128,
1.02701, 54990584,
1.02801, 55101040,
1.02901, 55211496,
1.03001, 55321952,
1.03101, 55432408,
1.03201, 55543888,
1.03301, 55655368,
1.03401, 55766848,
1.03501, 55878328,
1.03601, 55989808,
1.03701, 56101288,
1.03801, 56212768,
1.03901, 56324248,
1.04001, 56436752,
1.04101, 56549256,
1.04201, 56661760,
1.04301, 56774264,
1.04401, 56886768,
1.04501, 56999272,
1.04601, 57111776,
1.04701, 57224280,
1.04801, 57336784,
1.04901, 57450312,
1.05001, 57563840,
1.05101, 57677368,
1.05201, 57790896,
1.05301, 57904424,
1.05401, 58017952,
1.05501, 58131480,
1.05601, 58245008,
1.05701, 58359560,
1.05801, 58474112,
1.05901, 58588664,
1.06001, 58703216,
1.06101, 58817768,
1.06201, 58932856,
1.06301, 59047944,
1.06401, 59163032,
1.06501, 59278120,
1.06601, 59393744,
1.06701, 59509368,
1.06801, 59624992,
1.06901, 59740616,
1.07001, 59856240,
1.07101, 59971864,
1.07201, 60087488,
1.07301, 60203112,
1.07401, 60318736,
1.07501, 60435384,
1.07601, 60552032,
1.07701, 60668680,
1.07801, 60785328,
1.07901, 60901976,
1.08001, 61018624,
1.08101, 61135272,
1.08201, 61251920,
1.08301, 61369592,
1.08401, 61487264,
1.08501, 61604936,
1.08601, 61722608,
1.08701, 61840280,
1.08801, 61957952,
1.08901, 62075624,
1.09001, 62193296,
1.09101, 62310968,
1.09201, 62429664,
1.09301, 62548360,
1.09401, 62667056,
1.09501, 62785752,
1.09601, 62904984,
1.09701, 63024216,
1.09801, 63143448,
1.09901, 63262680,
1.10001, 63381912,
1.10101, 63504360,
1.10201, 63626808,
1.10301, 63749256,
1.10401, 63871704,
1.10501, 63994152,
1.10601, 64116600,
1.10701, 64239048,
1.10801, 64361496,
1.10901, 64483944,
1.11001, 64607416,
1.11101, 64730888,
1.11201, 64854360,
1.11301, 64977832,
1.11401, 65101304,
1.11501, 65224776,
1.11601, 65348248,
1.11701, 65471720,
1.11801, 65596216,
1.11901, 65720712,
1.12001, 65845208,
1.12101, 65969704,
1.12201, 66094200,
1.12301, 66218696,
1.12401, 66343192,
1.12501, 66467688,
1.12601, 66593208,
1.12701, 66718728,
1.12801, 66844248,
1.12901, 66969768,
1.13001, 67095288,
1.13101, 67220808,
1.13201, 67346328,
1.13301, 67471848,
1.13401, 67597368,
1.13501, 67723912,
1.13601, 67850456,
1.13701, 67977000,
1.13801, 68103544,
1.13901, 68230088,
1.14001, 68357168,
1.14101, 68484248,
1.14201, 68611328,
1.14301, 68738408,
1.14401, 68865488,
1.14501, 68992568,
1.14601, 69119648,
1.14701, 69246728,
1.14801, 69374832,
1.14901, 69502936,
1.15001, 69631040,
1.15101, 69759144,
1.15201, 69887248,
1.15301, 70015352,
1.15401, 70143456,
1.15501, 70271560,
1.15601, 70400688,
1.15701, 70529816,
1.15801, 70658944,
1.15901, 70788072,
1.16001, 70917200,
1.16101, 71046328,
1.16201, 71175456,
1.16301, 71304584,
1.16401, 71433712,
1.16501, 71563864,
1.16601, 71694016,
1.16701, 71824168,
1.16801, 71954320,
1.16901, 72084472,
1.17001, 72214624,
1.17101, 72344776,
1.17201, 72474928,
1.17301, 72606104,
1.17401, 72737280,
1.17501, 72868456,
1.17601, 72999632,
1.17701, 73130808,
1.17801, 73261984,
1.17901, 73393160,
1.18001, 73524336,
1.18101, 73655512,
1.18201, 73787712,
1.18301, 73919912,
1.18401, 74052112,
1.18501, 74184312,
1.18601, 74316512,
1.18701, 74448712,
1.18801, 74580912,
1.18901, 74713112,
1.19001, 74846336,
1.19101, 74979560,
1.19201, 75112784,
1.19301, 75246008,
1.19401, 75379232,
1.19501, 75512456,
1.19601, 75645680,
1.19701, 75778904,
1.19801, 75912128,
1.19901, 76046376,
1.20001, 76180624,
1.20101, 76314872,
1.20201, 76449120,
1.20301, 76583368,
1.20401, 76717616,
1.20501, 76851864,
1.20601, 76986112,
1.20701, 77121384,
1.20801, 77256656,
1.20901, 77391928,
1.21001, 77527200,
1.21101, 77662472,
1.21201, 77797744,
1.21301, 77933016,
1.21401, 78068288,
1.21501, 78204584,
1.21601, 78340880,
1.21701, 78477176,
1.21801, 78613472,
1.21901, 78749768,
1.22001, 78886600,
1.22101, 79023432,
1.22201, 79160264,
1.22301, 79297096,
1.22401, 79433928,
1.22501, 79570760,
1.22601, 79707592,
1.22701, 79844424,
1.22801, 79981256,
1.22901, 80119112,
1.23001, 80256968,
1.23101, 80394824,
1.23201, 80532680,
1.23301, 80670536,
1.23401, 80808392,
1.23501, 80946248,
1.23601, 81084104,
1.23701, 81222984,
1.23801, 81361864,
1.23901, 81500744,
1.24001, 81639624,
1.24101, 81778504,
1.24201, 81917384,
1.24301, 82056264,
1.24401, 82195144,
1.24501, 82335048,
1.24601, 82474952,
1.24701, 82614856,
1.24801, 82754760,
1.24901, 82894664,
1.25001, 83034568,
1.25101, 83174472,
1.25201, 83314376,
1.25301, 83454280,
1.25401, 83595208,
1.25501, 83736136,
1.25601, 83877064,
1.25701, 84017992,
1.25801, 84158920,
1.25901, 84300384,
1.26001, 84441848,
1.26101, 84583312,
1.26201, 84724776,
1.26301, 84866776,
1.26401, 85008776,
1.26501, 85150776,
1.26601, 85292776,
1.26701, 85434776,
1.26801, 85576776,
1.26901, 85718776,
1.27001, 85860776,
1.27101, 86002776,
1.27201, 86145800,
1.27301, 86288824,
1.27401, 86431848,
1.27501, 86574872,
1.27601, 86717896,
1.27701, 86860920,
1.27801, 87003944,
1.27901, 87146968,
1.28001, 87291016,
1.28101, 87435064,
1.28201, 87579112,
1.28301, 87723160,
1.28401, 87867208,
1.28501, 88011256,
1.28601, 88155304,
1.28701, 88299352,
1.28801, 88443400,
1.28901, 88588472,
1.29001, 88733544,
1.29101, 88878616,
1.29201, 89023688,
1.29301, 89168760,
1.29401, 89313832,
1.29501, 89458904,
1.29601, 89603976,
1.29701, 89750072,
1.29801, 89896168,
1.29901, 90042264,
1.30001, 90188360,
1.30101, 90334456,
1.30201, 90481088,
1.30301, 90627720,
1.30401, 90774352,
1.30501, 90920984,
1.30601, 91067616,
1.30701, 91214248,
1.30801, 91360880,
1.30901, 91507512,
1.31001, 91655168,
1.31101, 91802824,
1.31201, 91950480,
1.31301, 92098136,
1.31401, 92245792,
1.31501, 92393448,
1.31601, 92541104,
1.31701, 92688760,
1.31801, 92836416,
1.31901, 92985096,
1.32001, 93133776,
1.32101, 93282456,
1.32201, 93431136,
1.32301, 93579816,
1.32401, 93728496,
1.32501, 93877176,
1.32601, 94025856,
1.32701, 94175560,
1.32801, 94325264,
1.32901, 94474968,
1.33001, 94624672,
1.33101, 94774376,
1.33201, 94924080,
1.33301, 95073784,
1.33401, 95223488,
1.33501, 95373192,
1.33601, 95523920,
1.33701, 95674648,
1.33801, 95825376,
1.33901, 95976104,
1.34001, 96126832,
1.34101, 96277560,
1.34201, 96428288,
1.34301, 96579016,
1.34401, 96729744,
1.34501, 96880472,
1.34601, 97031200,
1.34701, 97181928,
1.34801, 97332656,
1.34901, 97483384,
1.35001, 97634112,
1.35101, 97784840,
1.35201, 97936592,
1.35301, 98088344,
1.35401, 98240096,
1.35501, 98391848,
1.35601, 98543600,
1.35701, 98695352,
1.35801, 98847104,
1.35901, 98998856,
1.36001, 99150608,
1.36101, 99303384,
1.36201, 99456160,
1.36301, 99608936,
1.36401, 99761712,
1.36501, 99914488,
1.36601, 100067264,
1.36701, 100220040,
1.36801, 100372816,
1.36901, 100526616,
1.37001, 100680416,
1.37101, 100834216,
1.37201, 100988016,
1.37301, 101141816,
1.37401, 101295616,
1.37501, 101449416,
1.37601, 101603216,
1.37701, 101757016,
1.37801, 101911840,
1.37901, 102066664,
1.38001, 102221488,
1.38101, 102376312,
1.38201, 102531672,
1.38301, 102687032,
1.38401, 102842392,
1.38501, 102997752,
1.38601, 103153112,
1.38701, 103309008,
1.38801, 103464904,
1.38901, 103620800,
1.39001, 103776696,
1.39101, 103932592,
1.39201, 104088488,
1.39301, 104244384,
1.39401, 104400280,
1.39501, 104556176,
1.39601, 104713096,
1.39701, 104870016,
1.39801, 105026936,
1.39901, 105183856,
1.40001, 105340776,
1.40101, 105497696,
1.40201, 105654616,
1.40301, 105811536,
1.40401, 105969480,
1.40501, 106127424,
1.40601, 106285368,
1.40701, 106443312,
1.40801, 106601256,
1.40901, 106759200,
1.41001, 106917144,
1.41101, 107075088,
1.41201, 107234056,
1.41301, 107393024,
1.41401, 107551992,
1.41501, 107710960,
1.41601, 107869928,
1.41701, 108029432,
1.41801, 108188936,
1.41901, 108348440,
1.42001, 108507944,
1.42101, 108667448,
1.42201, 108827488,
1.42301, 108987528,
1.42401, 109147568,
1.42501, 109307608,
1.42601, 109467648,
1.42701, 109627688,
1.42801, 109787728,
1.42901, 109947768,
1.43001, 110108832,
1.43101, 110269896,
1.43201, 110430960,
1.43301, 110592024,
1.43401, 110753088,
1.43501, 110914152,
1.43601, 111075216,
1.43701, 111236280,
1.43801, 111397344,
1.43901, 111559432,
1.44001, 111721520,
1.44101, 111883608,
1.44201, 112045696,
1.44301, 112207784,
1.44401, 112369872,
1.44501, 112531960,
1.44601, 112694048,
1.44701, 112857160,
1.44801, 113020272,
1.44901, 113183384,
1.45001, 113346496,
1.45101, 113509608,
1.45201, 113673256,
1.45301, 113836904,
1.45401, 114000552,
1.45501, 114164200,
1.45601, 114327848,
1.45701, 114491496,
1.45801, 114655144,
1.45901, 114818792,
1.46001, 114983464,
1.46101, 115148136,
1.46201, 115312808,
1.46301, 115477480,
1.46401, 115642152,
1.46501, 115806824,
1.46601, 115971496,
1.46701, 116136168,
1.46801, 116300840,
1.46901, 116466536,
1.47001, 116632232,
1.47101, 116797928,
1.47201, 116963624,
1.47301, 117129320,
1.47401, 117295016,
1.47501, 117460712,
1.47601, 117626408,
1.47701, 117793128,
1.47801, 117959848,
1.47901, 118126568,
1.48001, 118293288,
1.48101, 118460008,
1.48201, 118626728,
1.48301, 118793448,
1.48401, 118960168,
1.48501, 119126888,
1.48601, 119294632,
1.48701, 119462376,
1.48801, 119630120,
1.48901, 119797864,
1.49001, 119965608,
1.49101, 120133352,
1.49201, 120301096,
1.49301, 120468840,
1.49401, 120637608,
1.49501, 120806376,
1.49601, 120975144,
1.49701, 121143912,
1.49801, 121312680,
1.49901, 121481448,
1.50001, 121650216,
1.50101, 121818984,
1.50201, 121988776,
1.50301, 122158568,
1.50401, 122328360,
1.50501, 122498152,
1.50601, 122667944,
1.50701, 122838272,
1.50801, 123008600,
1.50901, 123178928,
1.51001, 123349256,
1.51101, 123519584,
1.51201, 123690448,
1.51301, 123861312,
1.51401, 124032176,
1.51501, 124203040,
1.51601, 124373904,
1.51701, 124545304,
1.51801, 124716704,
1.51901, 124888104,
1.52001, 125059504,
1.52101, 125230904,
1.52201, 125402304,
1.52301, 125573704,
1.52401, 125745104,
1.52501, 125917528,
1.52601, 126089952,
1.52701, 126262376,
1.52801, 126434800,
1.52901, 126607224,
1.53001, 126779648,
1.53101, 126952072,
1.53201, 127124496,
1.53301, 127296920,
1.53401, 127470368,
1.53501, 127643816,
1.53601, 127817264,
1.53701, 127990712,
1.53801, 128164160,
1.53901, 128337608,
1.54001, 128511056,
1.54101, 128684504,
1.54201, 128858976,
1.54301, 129033448,
1.54401, 129207920,
1.54501, 129382392,
1.54601, 129556864,
1.54701, 129731336,
1.54801, 129905808,
1.54901, 130080280,
1.55001, 130255776,
1.55101, 130431272,
1.55201, 130606768,
1.55301, 130782264,
1.55401, 130957760,
1.55501, 131133256,
1.55601, 131308752,
1.55701, 131484248,
1.55801, 131659744,
1.55901, 131836264,
1.56001, 132012784,
1.56101, 132189304,
1.56201, 132365824,
1.56301, 132542344,
1.56401, 132719400,
1.56501, 132896456,
1.56601, 133073512,
1.56701, 133250568,
1.56801, 133428160,
1.56901, 133605752,
1.57001, 133783344,
1.57101, 133960936,
1.57201, 134138528,
1.57301, 134316120,
1.57401, 134493712,
1.57501, 134671304,
1.57601, 134848896,
1.57701, 135027512,
1.57801, 135206128,
1.57901, 135384744,
1.58001, 135563360,
1.58101, 135741976,
1.58201, 135920592,
1.58301, 136099208,
1.58401, 136277824,
1.58501, 136457464,
1.58601, 136637104,
1.58701, 136816744,
1.58801, 136996384,
1.58901, 137176024,
1.59001, 137355664,
1.59101, 137535304,
1.59201, 137714944,
1.59301, 137894584,
1.59401, 138075248,
1.59501, 138255912,
1.59601, 138436576,
1.59701, 138617240,
1.59801, 138797904,
1.59901, 138978568,
1.60001, 139159232,
1.60101, 139339896,
1.60201, 139521584,
1.60301, 139703272,
1.60401, 139884960,
1.60501, 140066648,
1.60601, 140248336,
1.60701, 140430560,
1.60801, 140612784,
1.60901, 140795008,
1.61001, 140977232,
1.61101, 141159992,
1.61201, 141342752,
1.61301, 141525512,
1.61401, 141708272,
1.61501, 141891032,
1.61601, 142074328,
1.61701, 142257624,
1.61801, 142440920,
1.61901, 142624216,
1.62001, 142807512,
1.62101, 142990808,
1.62201, 143174104,
1.62301, 143357400,
1.62401, 143540696,
1.62501, 143725016,
1.62601, 143909336,
1.62701, 144093656,
1.62801, 144277976,
1.62901, 144462296,
1.63001, 144646616,
1.63101, 144830936,
1.63201, 145015256,
1.63301, 145200600,
1.63401, 145385944,
1.63501, 145571288,
1.63601, 145756632,
1.63701, 145941976,
1.63801, 146127320,
1.63901, 146312664,
1.64001, 146498008,
1.64101, 146684376,
1.64201, 146870744,
1.64301, 147057112,
1.64401, 147243480,
1.64501, 147429848,
1.64601, 147616216,
1.64701, 147802584,
1.64801, 147988952,
1.64901, 148175320,
1.65001, 148362712,
1.65101, 148550104,
1.65201, 148737496,
1.65301, 148924888,
1.65401, 149112280,
1.65501, 149299672,
1.65601, 149487064,
1.65701, 149674456,
1.65801, 149862872,
1.65901, 150051288,
1.66001, 150239704,
1.66101, 150428120,
1.66201, 150616536,
1.66301, 150805488,
1.66401, 150994440,
1.66501, 151183392,
1.66601, 151372344,
1.66701, 151561296,
1.66801, 151750784,
1.66901, 151940272,
1.67001, 152129760,
1.67101, 152319248,
1.67201, 152508736,
1.67301, 152698224,
1.67401, 152887712,
1.67501, 153077200,
1.67601, 153267712,
1.67701, 153458224,
1.67801, 153648736,
1.67901, 153839248,
1.68001, 154029760,
1.68101, 154220272,
1.68201, 154410784,
1.68301, 154601296,
1.68401, 154791808,
1.68501, 154983344,
1.68601, 155174880,
1.68701, 155366416,
1.68801, 155557952,
1.68901, 155750024,
1.69001, 155942096,
1.69101, 156134168,
1.69201, 156326240,
1.69301, 156518312,
1.69401, 156710920,
1.69501, 156903528,
1.69601, 157096136,
1.69701, 157288744,
1.69801, 157481352,
1.69901, 157674496,
1.70001, 157867640,
1.70101, 158060784,
1.70201, 158253928,
1.70301, 158447072,
1.70401, 158640216,
1.70501, 158833360,
1.70601, 159026504,
1.70701, 159220672,
1.70801, 159414840,
1.70901, 159609008,
1.71001, 159803176,
1.71101, 159997344,
1.71201, 160191512,
1.71301, 160385680,
1.71401, 160579848,
1.71501, 160774016,
1.71601, 160969208,
1.71701, 161164400,
1.71801, 161359592,
1.71901, 161554784,
1.72001, 161749976,
1.72101, 161945168,
1.72201, 162140360,
1.72301, 162335552,
1.72401, 162531768,
1.72501, 162727984,
1.72601, 162924200,
1.72701, 163120416,
1.72801, 163316632,
1.72901, 163512848,
1.73001, 163709064,
1.73101, 163905280,
1.73201, 164102520,
1.73301, 164299760,
1.73401, 164497000,
1.73501, 164694240,
1.73601, 164891480,
1.73701, 165089256,
1.73801, 165287032,
1.73901, 165484808,
1.74001, 165682584,
1.74101, 165880360,
1.74201, 166078672,
1.74301, 166276984,
1.74401, 166475296,
1.74501, 166673608,
1.74601, 166871920,
1.74701, 167070232,
1.74801, 167268544,
1.74901, 167466856,
1.75001, 167666192,
1.75101, 167865528,
1.75201, 168064864,
1.75301, 168264200,
1.75401, 168463536,
1.75501, 168662872,
1.75601, 168862208,
1.75701, 169061544,
1.75801, 169260880,
1.75901, 169461240,
1.76001, 169661600,
1.76101, 169861960,
1.76201, 170062320,
1.76301, 170262680,
1.76401, 170463576,
1.76501, 170664472,
1.76601, 170865368,
1.76701, 171066264,
1.76801, 171267696,
1.76901, 171469128,
1.77001, 171670560,
1.77101, 171871992,
1.77201, 172073424,
1.77301, 172275392,
1.77401, 172477360,
1.77501, 172679328,
1.77601, 172881296,
1.77701, 173083264,
1.77801, 173285232,
1.77901, 173487200,
1.78001, 173689168,
1.78101, 173892160,
1.78201, 174095152,
1.78301, 174298144,
1.78401, 174501136,
1.78501, 174704128,
1.78601, 174907120,
1.78701, 175110112,
1.78801, 175313104,
1.78901, 175516096,
1.79001, 175720112,
1.79101, 175924128,
1.79201, 176128144,
1.79301, 176332160,
1.79401, 176536176,
1.79501, 176740192,
1.79601, 176944208,
1.79701, 177148224,
1.79801, 177353264,
1.79901, 177558304,
